0.000000000 0.000000000 0.000000000 0.000000000 0.500000000 -0.500000000 0.500000000 -0.500000000
2.866666555 -0.077729225 0.016331017 0.244827509 0.503649143 -0.489953262 0.490454077 -0.515497953
3.000000000 -0.153505936 0.012359506 0.519653797 0.511172854 -0.492028507 0.470843540 -0.524324921
3.200000048 -0.248580724 0.013909311 0.945340395 0.509351234 -0.471925980 0.467343087 -0.547208944
3.733333349 -0.184923485 -0.122109771 0.705211341 0.517610948 -0.479860042 0.475912590 -0.524709875
3.833333254 -0.137139827 -0.143909559 0.493847460 0.524135528 -0.481546738 0.475604999 -0.516908670
4.400000095 -0.322415859 -0.171963319 1.106811047 0.519442375 -0.462127171 0.486696928 -0.528908496
5.000000000 -0.147090286 -0.124352321 0.658126533 0.547609490 -0.470831686 0.468511470 -0.508859875
5.266666889 -0.050541073 -0.149196804 0.342923105 0.530237470 -0.476461256 0.487394313 -0.504261519
5.566666603 -0.145171106 -0.615897775 0.442821205 0.505056541 -0.499646151 0.490918125 -0.504252921
5.666666508 -0.197833553 -0.854473054 0.471934319 0.486928494 -0.504854289 0.495213550 -0.512626890
5.733333111 -0.237987950 -1.045658708 0.479109526 0.477054099 -0.506199798 0.500617201 -0.515328603
5.900000095 -0.291846544 -1.524239659 0.444704413 0.466135297 -0.512386102 0.512273585 -0.507694929
6.199999809 -0.135744303 -2.029151678 0.406775206 0.424414024 -0.556716141 0.530923418 -0.477556488
7.599999905 0.084378228 -0.375129879 0.637511790 0.463436692 -0.552063961 0.511430604 -0.467857407
7.733333111 0.015030517 -0.292701900 0.446182847 0.479226765 -0.559840963 0.500717242 -0.454094756
8.500000000 0.352847993 -0.280078620 0.158008128 0.451555915 -0.572509483 0.507491992 -0.459110038
14.166666985 0.427789599 -0.276750654 0.297381431 0.427848485 -0.543651367 0.536008962 -0.483821514
14.266666412 0.416357875 -0.284264207 0.437249780 0.433368838 -0.545883696 0.532230905 -0.480554580
14.333333015 0.406542301 -0.289740264 0.542136431 0.435007181 -0.546581289 0.530799114 -0.479864510
14.399999619 0.405472040 -0.295113593 0.632721007 0.436675762 -0.546703039 0.528822573 -0.480392290
15.433333397 1.211431742 -0.099608272 1.384449244 0.557769756 -0.429550226 0.493702067 -0.510526955
16.433332443 2.356626511 1.596827984 2.428095102 0.654304413 -0.261012466 0.439931111 -0.556972930
17.666666031 2.939853430 4.125538349 3.241918325 0.733676925 -0.137608081 0.323043971 -0.581742880
18.666666031 3.176413536 6.678674221 3.512418747 0.772950711 -0.022353787 0.265826493 -0.575659433
19.866666794 3.110502481 10.162524223 3.653834343 0.789192989 0.034384520 0.234812846 -0.566440692
20.666666031 2.348849058 13.402034760 3.700936794 0.808547248 0.112690941 0.173008701 -0.551017322
20.766666412 2.257962227 13.830996513 3.737024546 0.807742257 0.112662119 0.170795590 -0.552891092
20.866666794 2.163786650 14.251835823 3.749763727 0.806016578 0.111581073 0.167336229 -0.556673626
21.899999619 1.496314049 18.454425812 4.569749355 0.780941218 0.124863419 0.141124922 -0.595502894
21.933332443 1.498475790 18.569700241 4.575942993 0.777379933 0.125984391 0.139341197 -0.600326914
21.966667175 1.474978685 18.695787430 4.602192879 0.775104779 0.125782836 0.138618750 -0.603470051
23.033332825 2.367342234 22.033538818 6.674281597 0.748137080 -0.017475944 0.209473272 -0.629369883
24.933332443 6.681676388 19.033555984 9.494124413 0.755667259 -0.037408626 0.259050025 -0.600383771
26.000000000 9.100165367 16.662994385 11.062583923 0.759720952 -0.060346752 0.245987585 -0.598892688
26.966667175 12.500848770 15.336828232 12.973831177 0.784736153 -0.050668049 0.268981462 -0.556121293
27.833333969 15.723896980 16.077062607 14.616180420 0.762122328 -0.033745546 0.269880783 -0.587533113
28.233333588 17.098878860 16.584152222 14.941428185 0.717303511 -0.136375290 0.320780893 -0.603305123
28.500000000 18.010566711 16.919305801 14.932774544 0.662863506 -0.239942792 0.359671799 -0.611290133
28.799999237 18.950969696 17.061573029 15.073186874 0.599362478 -0.314627090 0.408929341 -0.612005890
29.166666031 19.644800186 16.797304153 15.210391045 0.608088906 -0.332973189 0.434646626 -0.574838280
29.399999619 20.078742981 16.594133377 15.184907913 0.589245624 -0.359407774 0.452852092 -0.564394037
29.533332825 20.249210358 16.461200714 15.195776939 0.572490082 -0.378020314 0.463512064 -0.560813975
29.933332443 20.527975082 16.056701660 15.258611679 0.469301792 -0.491618063 0.497847243 -0.538716652
30.166666031 20.631076813 15.714980125 15.220049858 0.411484469 -0.538289723 0.518892679 -0.521224610
31.100000381 19.116052628 12.933258057 14.691806793 0.401580789 -0.543297481 0.522886251 -0.519760219
31.133333206 18.975784302 12.825606346 14.678906441 0.400027222 -0.545793418 0.520899919 -0.520337430
31.166666031 18.849414825 12.697133064 14.652212143 0.398720439 -0.547633610 0.519682074 -0.520624609
31.600000381 17.242824554 10.784392357 13.508545876 0.392514736 -0.563406992 0.521110090 -0.506901388
31.933332443 15.576248169 9.008419037 12.564992905 0.404198135 -0.566616327 0.541074679 -0.472025419
32.433334351 13.438292503 6.652888298 10.550555229 0.425230720 -0.578829325 0.521376137 -0.460762814
33.366664886 11.330056190 1.394682527 6.218371391 0.456449093 -0.526103623 0.532916996 -0.480487959
35.400001526 10.343176842 -0.472098321 4.471511364 0.284782302 -0.637948583 0.542323392 -0.466696888
36.066665649 9.497828484 -1.899899721 3.664511919 0.171876547 -0.715987353 0.560247617 -0.379398432
36.400001526 8.872140884 -2.846081734 3.251377344 0.113419026 -0.755439407 0.562873467 -0.315627768
36.900001526 8.161179543 -4.485650539 2.929229498 0.126852906 -0.760167599 0.564995073 -0.294676313
36.933334351 8.131929398 -4.592770576 2.921308517 0.126092866 -0.760226599 0.566452884 -0.292039788
36.966667175 8.119897842 -4.712575436 2.906019211 0.126113141 -0.760206793 0.567668305 -0.289713311
37.066665649 8.019827843 -5.081882954 2.915860653 0.125132396 -0.761192301 0.568639032 -0.285618305
37.533332825 7.744178772 -6.714308739 3.088182211 -0.034012076 -0.769097013 0.590816386 -0.241389646
37.733333588 7.593647480 -7.365017414 3.073408842 -0.082357446 -0.783984473 0.584418641 -0.192458953
38.233333588 6.923352718 -9.068525314 2.975633621 -0.086640211 -0.802449704 0.560040783 -0.186875003
38.700000763 6.136777878 -10.914344788 2.890891314 -0.053232613 -0.812926034 0.554464985 -0.169959208
39.099998474 5.668139935 -12.854590416 3.068644524 -0.036099352 -0.812901489 0.563688526 -0.141926922
39.466667175 5.714834690 -14.684227943 3.208618402 -0.052773778 -0.798057659 0.578500531 -0.160175020
39.833332062 5.978373528 -16.368005753 3.571750641 -0.045526571 -0.801719709 0.575680552 -0.154158171
40.233333588 6.532412529 -18.052169800 3.970532179 -0.058317832 -0.796300864 0.575681773 -0.176336212
40.666667938 7.135055542 -19.751533508 4.217381001 -0.046797816 -0.796378569 0.582291580 -0.156613075
41.033332825 7.640748501 -21.007987976 4.582134247 -0.055442785 -0.782977010 0.592004374 -0.182767396
41.133335114 7.773690701 -21.307682037 4.641138077 -0.030704425 -0.772043061 0.605593648 -0.190428685
41.200000763 7.854941368 -21.490560532 4.668317318 -0.001228506 -0.770435052 0.605262447 -0.200214116
41.333332062 8.035160065 -21.812572479 4.705776215 0.064147510 -0.747601416 0.616048048 -0.239712375
41.599998474 8.394355774 -22.285911560 4.687676430 0.191586694 -0.693243520 0.604685371 -0.342145529
43.000000000 9.242089272 -23.749473572 5.586493492 0.255474363 -0.668862611 0.598550882 -0.359294446
43.233333588 9.257733345 -23.712451935 6.013761997 0.258439603 -0.678375521 0.589702588 -0.353930052
43.533332825 9.310980797 -23.574216843 6.378249645 0.261285203 -0.687573265 0.580494049 -0.349284565
43.566665649 9.310345650 -23.574377060 6.380964756 0.261338072 -0.687630530 0.580385476 -0.349312705
44.033332825 9.556919098 -23.244489670 6.877560139 0.255704643 -0.679769345 0.592277260 -0.348907467
44.066665649 9.554685593 -23.225557327 6.925246716 0.253086279 -0.675358780 0.596751404 -0.351746523
45.500000000 9.627783775 -20.660028458 7.358583450 0.251305964 -0.686309964 0.578326098 -0.362440162
47.299999237 9.786059380 -16.632188797 7.201031685 0.254400126 -0.678274439 0.573794712 -0.382078513
48.866664886 9.461228371 -12.535961151 7.151964188 0.267428421 -0.706947867 0.540290728 -0.369854947
50.866664886 11.027614594 -12.092645645 9.552506447 0.334993157 -0.627971344 0.560916517 -0.422852500
52.966667175 11.686209679 -7.378611565 11.171457291 0.340421644 -0.619599371 0.604476984 -0.367174753
53.566665649 12.664014816 -2.161334753 11.608501434 0.343178869 -0.624255495 0.568960262 -0.410874143
54.033332825 13.469025612 2.613817215 11.782718658 0.399723297 -0.584136273 0.553174633 -0.439322121
54.400001526 13.884058952 6.064205647 12.131047249 0.460386532 -0.545033045 0.528987413 -0.459516634
54.866664886 14.547982216 10.002405167 12.315161705 0.439697331 -0.575700179 0.486869634 -0.488050736
55.433334351 15.602261543 13.256439209 12.995757103 0.468643321 -0.568904001 0.503780472 -0.450474097
55.766666412 16.914264679 14.413960457 13.468760490 0.503894085 -0.496628077 0.505331656 -0.494055890
56.266666412 18.097965240 15.407375336 14.174472809 0.594561247 -0.309763427 0.452949911 -0.587690328
56.333332062 18.150535583 15.616431236 14.255328178 0.587103444 -0.280397033 0.437470421 -0.620730763
56.400001526 18.193071365 15.793808937 14.311388969 0.592471763 -0.257360234 0.423649695 -0.635030594
56.500000000 18.266843796 16.031732559 14.374844551 0.612829878 -0.225557343 0.408176336 -0.637930643
56.566665649 18.189859390 16.135789871 14.445981026 0.627894707 -0.208551394 0.391422151 -0.639564894
56.700000763 17.986469269 16.307769775 14.573998451 0.648368138 -0.175877514 0.351524739 -0.652009368
56.833332062 17.767122269 16.400243759 14.616155624 0.683767729 -0.161080612 0.335155542 -0.627841932
56.933334351 17.592195511 16.430999756 14.607892036 0.706530811 -0.163650036 0.325910985 -0.606477460
57.633335114 16.053009033 16.235269547 13.924706459 0.711482344 -0.131474035 0.340842118 -0.600278354
58.099998474 14.327746391 15.739782333 13.258261681 0.734803609 -0.150670105 0.325201782 -0.575852391
59.033332825 10.611013412 16.079111099 11.881431580 0.737665223 -0.147183726 0.341502289 -0.563527422
59.500000000 8.662391663 17.424737930 10.715383530 0.758197910 -0.067988151 0.275744071 -0.586923119
60.333332062 7.119467258 19.821319580 8.713432312 0.738385068 -0.054501217 0.279871428 -0.611137540
61.966667175 6.329301834 20.346548080 5.210255146 0.732897279 -0.059364079 0.269558129 -0.621832694
63.833332062 5.228162289 15.350861549 3.401960373 0.728008187 -0.086598502 0.295671162 -0.612440481
64.500000000 4.617625237 13.123149872 2.701187611 0.686282290 -0.228656444 0.347455225 -0.596663821
64.866668701 4.196638107 11.872161865 2.902276993 0.604274189 -0.349600316 0.435593348 -0.568234774
65.333335876 3.956060886 10.150978088 3.093344212 0.522675736 -0.444980514 0.482760864 -0.543823837
65.733329773 3.905977488 8.755881310 2.752524137 0.458049071 -0.527460347 0.504575834 -0.507326186
67.066665649 5.087295532 4.423566818 3.264667273 0.471196592 -0.527157803 0.516212652 -0.483324861
67.733329773 6.588130951 2.778000355 4.200152874 0.331015616 -0.619819809 0.552703181 -0.448075061
72.333335876 1.479040623 -0.908246040 1.564231992 0.354661966 -0.613880217 0.552267182 -0.438596544
73.400001526 0.144689918 -0.720782042 0.699692607 0.361804333 -0.619239869 0.553239925 -0.423751335
73.566665649 0.032663696 -0.650934994 0.604867220 0.359980730 -0.621540964 0.550121277 -0.425989772
73.699996948 -0.009902176 -0.566783190 0.587040365 0.342198181 -0.616514254 0.550064187 -0.447481810
73.866668701 -0.066637114 -0.509801269 0.507188976 0.343559405 -0.615893269 0.552563443 -0.444202722
73.933334351 -0.084819563 -0.497198373 0.444186389 0.345330881 -0.614304412 0.556885934 -0.439607470
74.066665649 -0.136110067 -0.474549055 0.351645529 0.350703549 -0.612490500 0.561397560 -0.432082385
74.366668701 -0.216073796 -0.337525338 0.297493190 0.354361527 -0.626291844 0.545648300 -0.429481510
74.633331299 -0.106153578 -0.321274698 0.289436936 0.333419925 -0.608124973 0.565863203 -0.445885642
74.699996948 -0.063667446 -0.334803164 0.193924919 0.335941999 -0.605026078 0.572091218 -0.440225006
74.733329773 -0.041517768 -0.339305907 0.131983086 0.338336030 -0.605225445 0.572946336 -0.436993577
74.766670227 -0.018139983 -0.343737036 0.063178845 0.340137396 -0.606744265 0.571501692 -0.435377728
74.800003052 0.005466670 -0.343886852 -0.017782453 0.341533778 -0.607247424 0.571390772 -0.433725524
74.833335876 0.029562544 -0.346079379 -0.104471058 0.342607802 -0.607554706 0.570781615 -0.433249953
74.966667175 0.124032944 -0.330700785 0.010516426 0.342163341 -0.607148576 0.569464354 -0.435895865
