0.000000000 0.000000000 0.000000000 0.000000000 0.500000000 -0.500000000 0.500000000 -0.500000000
2.833333254 0.111592062 0.017586662 0.171967909 0.507357028 -0.501570252 0.491802214 -0.499145982
2.933333397 0.284035623 0.006481485 0.307946593 0.517212032 -0.507287986 0.470842280 -0.503446284
3.033333302 0.474418819 0.037948404 0.383535355 0.516632126 -0.520130239 0.460455954 -0.500535808
3.133333445 0.746997654 0.071727931 0.498551548 0.523688975 -0.510416793 0.463981171 -0.499946025
3.700000048 0.779379785 -0.009035968 0.410519809 0.519472320 -0.511149617 0.473216087 -0.494915258
3.733333349 0.717477083 -0.020664148 0.375198901 0.523357431 -0.508951771 0.470877439 -0.495317607
3.766666651 0.713559508 -0.021704132 0.359761596 0.526107810 -0.511252059 0.470043472 -0.490806519
3.799999952 0.733241975 -0.019884316 0.332337141 0.527475275 -0.512664041 0.470447326 -0.487467669
3.833333254 0.743145704 -0.027069798 0.303781122 0.529343551 -0.510679341 0.470274349 -0.487692580
3.900000095 0.776114285 -0.052314978 0.235066712 0.537885812 -0.502844507 0.470215392 -0.486542640
4.233333111 -0.173013493 -0.203820899 0.343012840 0.531565928 -0.478140596 0.471972860 -0.515810871
5.033333302 -0.315368205 -0.267391771 0.278442293 0.535525144 -0.482282837 0.466457268 -0.512868114
5.500000000 -0.657168746 -0.454941601 0.205140546 0.501928088 -0.492983824 0.486459641 -0.518065789
5.566666603 -0.601031125 -0.551016390 0.238032609 0.497002461 -0.498185405 0.483573559 -0.520534791
5.633333206 -0.655636132 -0.654003382 0.253515095 0.486359263 -0.501845472 0.483016317 -0.527542442
5.699999809 -0.743776679 -0.774429739 0.262154698 0.477926641 -0.503084608 0.483824542 -0.533297118
5.733333111 -0.713242233 -0.843257427 0.260381699 0.476774377 -0.502228167 0.484576778 -0.534451502
5.766666889 -0.642779589 -0.918501854 0.252368212 0.476250986 -0.500964963 0.485792588 -0.534999687
5.800000191 -0.591108561 -1.005519867 0.238371849 0.476283253 -0.498976634 0.487111574 -0.535629439
5.833333492 -0.518042684 -1.085317969 0.217328176 0.475801953 -0.498088773 0.489398110 -0.534798621
5.866666794 -0.477094233 -1.160340548 0.202499032 0.475827276 -0.497904554 0.490366785 -0.534059804
6.000000000 -2.419911623 -1.651924729 0.084719568 0.471765281 -0.510432052 0.483834037 -0.531790621
6.166666508 -3.711934090 -1.856724858 0.300668985 0.454984785 -0.533099579 0.486395222 -0.521740713
7.166666508 -3.617352962 -1.049760103 0.408136249 0.462622304 -0.521206025 0.486460220 -0.526954777
7.633333206 -4.101644993 -1.023019671 0.239966825 0.483582911 -0.526405357 0.489720649 -0.499218042
7.699999809 -4.083855629 -1.004569411 0.205794305 0.489004412 -0.531671833 0.486392749 -0.491550445
7.733333111 -4.092759132 -0.994947255 0.187291950 0.491168960 -0.531095089 0.486764258 -0.489644377
7.933333397 -4.102008820 -0.961371124 0.104214408 0.472323713 -0.523559842 0.497164890 -0.505591213
8.233333588 -4.020178795 -0.970880389 0.084279470 0.467929455 -0.525390290 0.493184562 -0.511640554
13.966666222 -3.945504427 -0.991258085 0.087919220 0.449339464 -0.507090250 0.509650396 -0.530292370
14.033333778 -3.923026085 -0.985883892 0.105648264 0.446181830 -0.509996619 0.509476021 -0.530338955
14.066666603 -3.862553596 -0.983060241 0.126284465 0.447975158 -0.513800177 0.509049184 -0.525544066
14.100000381 -3.853136778 -0.981044471 0.143935680 0.447691865 -0.512664764 0.511119957 -0.524884009
14.133333206 -3.850724220 -0.977265716 0.167090505 0.445737642 -0.514471694 0.510175216 -0.525697707
14.166666985 -3.856463671 -0.968534708 0.187143713 0.445638587 -0.515859245 0.510512258 -0.524092285
14.199999809 -3.853862524 -0.968340039 0.210416600 0.445855595 -0.518106967 0.509770494 -0.522409803
14.233333588 -3.852338076 -0.966523468 0.232419357 0.446299332 -0.519683336 0.509155408 -0.521063247
14.266666412 -3.817288637 -0.970194161 0.257876605 0.450021409 -0.521816339 0.506722420 -0.518093456
14.733333588 -4.922240734 -1.013098121 0.343558669 0.464737132 -0.522578613 0.498075312 -0.512690915
14.866666794 -4.203224182 -0.998985052 0.425870329 0.458167585 -0.515058849 0.507773239 -0.516684802
15.166666985 -5.668511868 -1.019977570 0.327194095 0.491794844 -0.464158952 0.515695438 -0.526072727
16.066667557 -4.029636860 -0.164179295 1.233978748 0.574147489 -0.385941612 0.494887434 -0.525823317
16.633333206 -4.861672401 0.234324664 1.324494839 0.604550798 -0.334477040 0.493759973 -0.528057319
17.466667175 -5.442061901 0.903924525 1.252232432 0.647040080 -0.262728721 0.480278622 -0.530702553
18.466667175 -3.464899302 2.423298597 1.569833159 0.671242889 -0.221467520 0.466954483 -0.531355467
18.666666031 -3.915682316 1.948768258 1.630237341 0.692796398 -0.175085540 0.459104117 -0.527827258
19.600000381 -1.119812846 4.484336853 1.792359352 0.708185776 -0.146842825 0.452272945 -0.521880517
20.500000000 -0.760458291 5.067040920 1.842307448 0.734484689 -0.087586591 0.421428242 -0.524651378
21.533332825 1.252645016 8.601784706 2.323307991 0.742828065 -0.106970781 0.425614869 -0.505584514
22.500000000 0.432542741 8.669544220 3.158895254 0.701610207 -0.199924021 0.439249617 -0.524245436
22.600000381 -0.011420663 8.320591927 3.257813454 0.692582580 -0.207701020 0.450013329 -0.524096995
24.033332825 2.594603539 7.832782269 5.140810490 0.739638335 -0.162195933 0.412656274 -0.506302688
25.299999237 2.399507523 4.930391312 6.391317368 0.757563457 -0.170518475 0.377071422 -0.504815017
26.200000763 3.919705629 3.406151056 7.587178707 0.785292851 -0.148399373 0.314539500 -0.512208618
26.733333588 5.592402935 2.440652132 8.454106331 0.814825061 -0.106575046 0.267472531 -0.503150399
27.200000763 7.306638718 2.574963570 9.061676979 0.838161825 -0.096124626 0.214101049 -0.492346983
27.633333206 8.876647949 3.494860888 9.165783882 0.849302932 -0.056265404 0.201238810 -0.484790341
28.033332825 9.336946487 3.177493095 9.545227051 0.849535098 -0.075761298 0.192492156 -0.485280448
28.133333206 9.226773262 2.902255535 9.829742432 0.848836764 -0.097499458 0.201736953 -0.478823772
28.200000763 9.506477356 3.314438581 9.600603104 0.843659371 -0.107235679 0.211475167 -0.481682081
28.299999237 9.534210205 3.185060024 9.738492966 0.833751892 -0.140508263 0.218870369 -0.487043092
28.366666794 9.816906929 3.575099945 9.532339096 0.829439992 -0.155118369 0.228291192 -0.485644647
28.433332443 9.954600334 3.733321905 9.433203697 0.823420649 -0.176766275 0.233094588 -0.486208835
28.500000000 10.002427101 3.773831129 9.424530983 0.817810931 -0.193356571 0.239853868 -0.486074727
28.566667557 10.095404625 3.841541767 9.391417503 0.811678659 -0.208768426 0.246967341 -0.486416108
28.633333206 10.106547356 3.809260845 9.395363808 0.803440367 -0.221117729 0.257426586 -0.489205560
28.700000763 10.203376770 3.896247387 9.350495338 0.795676331 -0.235286556 0.268224382 -0.489484519
28.799999237 10.226094246 3.898229361 9.350017548 0.783346414 -0.253354385 0.280318857 -0.493559814
28.899999619 10.444932938 4.050592422 9.248451233 0.784141477 -0.257896780 0.291927917 -0.483104012
29.033332825 10.619011879 4.118404865 9.171721458 0.789358300 -0.253135924 0.304788681 -0.468977119
29.299999237 10.638979912 3.667909384 9.397645950 0.791477473 -0.252957693 0.303206655 -0.466520674
29.433332443 10.276172638 3.290679693 9.715661049 0.784009621 -0.269179985 0.312747642 -0.463745579
29.566667557 10.208818436 3.187974215 9.741033554 0.771656456 -0.286211720 0.325359648 -0.465585937
29.733333588 9.687983513 2.625777960 10.144523621 0.750903374 -0.329443223 0.328828669 -0.468490120
29.933332443 10.573101997 2.894199133 9.667866707 0.713968347 -0.375819741 0.355110688 -0.472128289
30.266666412 11.435949326 2.497593641 9.536204338 0.683780478 -0.405942065 0.363943357 -0.484974773
31.366666794 13.178008080 0.497891217 9.400126457 0.709514177 -0.374511017 0.304404589 -0.513487075
31.633333206 12.119063377 -0.948347747 9.764578819 0.713276731 -0.369101261 0.306426841 -0.510982538
31.899999619 11.294198990 -2.754710913 10.103138924 0.726228150 -0.344736802 0.307838341 -0.508905460
32.233333588 11.158483505 -4.372346878 9.936837196 0.725716713 -0.334829370 0.292076053 -0.525277189
32.566665649 10.443614960 -6.241415024 9.847060204 0.743969510 -0.331115389 0.270671551 -0.513428553
33.066665649 11.840152740 -7.245090008 8.566684723 0.729229319 -0.301596150 0.268521257 -0.552413520
35.200000763 12.675869942 -10.174906731 7.577371120 0.679319160 -0.365981466 0.201561380 -0.603287706
36.233333588 15.708400726 -12.398597717 6.058553219 0.631197679 -0.455738434 0.207846819 -0.592192258
36.666667938 16.745733261 -13.158314705 5.765032291 0.642628172 -0.450417372 0.215598432 -0.581094261
37.099998474 17.699872971 -13.421931267 5.667581081 0.646413009 -0.445094968 0.222072254 -0.578553891
37.433334351 17.993988037 -13.837431908 5.799958706 0.576618869 -0.514749059 0.224644828 -0.593362274
37.566665649 18.100809097 -13.913371086 5.802763462 0.559525644 -0.548083535 0.229319594 -0.577882355
37.633335114 18.226922989 -13.890626907 5.775427341 0.553263315 -0.561718934 0.235450955 -0.568273165
37.700000763 18.231174469 -13.918498993 5.773754597 0.546121481 -0.569449293 0.241549299 -0.564918372
38.000000000 18.697141647 -13.999480247 5.725158691 0.550050364 -0.583300305 0.248403634 -0.543600024
38.366664886 19.685441971 -13.992526054 5.478624821 0.560745180 -0.578598021 0.236988500 -0.542794274
38.799999237 20.677316666 -14.134210587 5.441172600 0.574176578 -0.566075786 0.245673939 -0.538074137
39.299999237 21.749622345 -14.067538261 5.461997509 0.568708907 -0.559326287 0.260432690 -0.543966082
39.799999237 22.441471100 -13.880868912 5.606359959 0.568713220 -0.558409052 0.260882255 -0.544688033
40.333332062 22.988769531 -13.577100754 5.793872833 0.552843062 -0.566619707 0.247380588 -0.558667613
40.966667175 23.934160233 -13.094293594 5.901499748 0.551031615 -0.567011410 0.249451511 -0.559138770
41.200000763 23.849716187 -13.083391190 5.957053185 0.569207175 -0.517512974 0.254320007 -0.586092866
41.366664886 23.953468323 -13.005511284 5.920630932 0.593021010 -0.456227184 0.246570888 -0.615942883
41.500000000 24.004278183 -12.923485756 5.888875484 0.614172871 -0.401554252 0.230612013 -0.639033619
41.700000763 23.888666153 -13.006137848 5.849377632 0.632722912 -0.365730986 0.199818220 -0.652667788
43.733333588 24.184062958 -12.767128944 6.492233276 0.655207806 -0.350075133 0.208388655 -0.636179456
44.366664886 23.556903839 -12.907649994 6.738568306 0.640542136 -0.350466943 0.224640995 -0.645302345
44.599998474 23.535963058 -12.677350998 6.820227146 0.651298447 -0.366207778 0.213706565 -0.629310496
45.733333588 22.042524338 -12.462365150 7.234624386 0.646097246 -0.388222425 0.247609909 -0.608712600
47.033332825 21.540592194 -10.961714745 6.886157036 0.628098404 -0.413872291 0.271673832 -0.600329452
48.733333588 19.611888885 -10.000936508 6.920908928 0.625806326 -0.444807966 0.291646480 -0.570486325
50.166667938 17.295951843 -11.084724426 7.471348763 0.646656518 -0.384472579 0.284065841 -0.594409607
52.700000763 18.382366180 -8.984137535 8.118921280 0.669875822 -0.341220285 0.359561811 -0.552766140
53.333332062 16.650381088 -6.917085648 8.452061653 0.648587423 -0.391501236 0.387806061 -0.525040566
53.966667175 14.574841499 -2.886070251 8.309912682 0.600961088 -0.470670423 0.437523476 -0.475277110
54.333332062 13.028927803 -1.084797382 8.415114403 0.621761541 -0.451880126 0.455898932 -0.448746144
54.666667938 13.181842804 0.427108496 8.040176392 0.597652430 -0.476311170 0.469707907 -0.441943123
55.033332825 13.396844864 2.028719425 7.728682518 0.562107328 -0.526450343 0.472920885 -0.428055166
55.333332062 13.953409195 2.776126146 7.581574917 0.578244291 -0.514976484 0.502274675 -0.384906368
55.566665649 13.169859886 3.284795761 7.636692524 0.577648980 -0.486483258 0.529389927 -0.386525549
55.833332062 13.530390739 3.831345081 7.552406311 0.603043264 -0.441442169 0.535356290 -0.393524176
56.200000763 13.826119423 4.389939308 7.498681068 0.635838118 -0.386044690 0.529351227 -0.408003265
56.233333588 13.970611572 4.418184757 7.489616394 0.634804491 -0.379784682 0.522017294 -0.424599575
56.299999237 13.638285637 4.398554802 7.531693459 0.627398265 -0.370678700 0.514257375 -0.452225685
56.333332062 13.779386520 4.430957317 7.545166969 0.629592918 -0.366081310 0.506215233 -0.461891080
56.366664886 13.838425636 4.453568935 7.546243668 0.631477330 -0.361213096 0.501731124 -0.468003590
56.433334351 13.811262131 4.479970455 7.540258408 0.637877798 -0.350609998 0.495621973 -0.473860109
56.500000000 13.706475258 4.614388943 7.545803547 0.646134786 -0.343091742 0.495271668 -0.468512401
56.566665649 13.600438118 4.580950260 7.622913837 0.657888185 -0.336431179 0.482587650 -0.470219478
56.633335114 13.387488365 4.495324135 7.723032951 0.666784052 -0.332655994 0.466152266 -0.476907835
56.700000763 13.339831352 4.524212360 7.737613201 0.670299546 -0.327025508 0.458764205 -0.482999213
56.766666412 13.679387093 4.694315910 7.710473061 0.679833656 -0.319283877 0.454620405 -0.478752852
56.833332062 13.599397659 4.666813374 7.771159649 0.695453239 -0.320384099 0.446105270 -0.463345347
57.633335114 13.218988419 4.875827312 7.537848949 0.712390047 -0.302600555 0.463841917 -0.431026683
58.033332825 12.083151817 4.705089569 7.554109573 0.716305010 -0.319196529 0.458694603 -0.417875543
58.599998474 11.551048279 4.886945724 7.440631866 0.725143995 -0.268035681 0.502021106 -0.387682691
58.966667175 10.157854080 5.065986633 7.158728123 0.709535523 -0.297553912 0.506710215 -0.388929002
59.366664886 9.475015640 5.832718372 6.549739361 0.727501042 -0.282665945 0.503140360 -0.371068695
59.733333588 9.874391556 6.657762527 6.081547737 0.728243780 -0.262861214 0.509246560 -0.375809685
61.000000000 10.319151878 7.868488312 4.189882278 0.685757258 -0.277183792 0.557676291 -0.376700521
63.333332062 10.758334160 6.242849827 2.191575289 0.650011638 -0.220085067 0.592057016 -0.422511448
64.300003052 7.350570679 4.789987564 1.405823350 0.589141875 -0.281454587 0.616256646 -0.440366794
64.666664124 6.592037678 4.448329926 1.369014859 0.543093548 -0.350428902 0.614699576 -0.452098898
65.033332825 4.637199402 3.720783234 1.359289885 0.492825623 -0.382703796 0.640168105 -0.448157904
65.433334351 5.547756672 2.533563852 1.993521810 0.474628680 -0.405318371 0.630765982 -0.461062805
65.766670227 5.036389828 2.133319378 1.845656753 0.433738550 -0.445660171 0.636169249 -0.456668992
66.500000000 7.047185421 0.128062204 2.729620218 0.480626584 -0.427762396 0.618624119 -0.450911986
67.433334351 6.143974304 -0.660697937 3.209681749 0.432100946 -0.444864335 0.631015267 -0.466051745
69.766670227 7.922277451 -4.040931225 4.158997536 0.426025652 -0.423600541 0.604904697 -0.522642356
71.833335876 5.871726990 -4.678762913 2.961582899 0.442480487 -0.429402448 0.587006378 -0.524640895
73.733329773 5.484681129 -5.262652397 2.296465635 0.434077720 -0.425355542 0.585601431 -0.536395526
74.000000000 5.358648300 -5.275312901 2.212501049 0.437726217 -0.418164735 0.591811946 -0.532252416
74.533332825 5.193162441 -5.235242844 2.161850929 0.428690784 -0.428904831 0.565627902 -0.558864862
74.699996948 5.209803104 -5.249279499 2.137433767 0.425664877 -0.414033186 0.578300799 -0.559423023
74.733329773 5.243457317 -5.242266178 2.137801886 0.424673603 -0.418918069 0.582677609 -0.551948173
74.766670227 5.237741470 -5.241768837 2.132560253 0.426943254 -0.419720821 0.582786322 -0.549467008
74.800003052 5.221608639 -5.234676838 2.117725372 0.428363311 -0.421524158 0.580268018 -0.549646510
74.933334351 5.208764553 -5.224084854 2.112608910 0.412185151 -0.430045283 0.564983990 -0.570926920
75.033332825 5.237847328 -5.217644215 2.128854513 0.416471688 -0.430919755 0.556194068 -0.575767016
