1305031910.765238 0.0 0.0 0.0 0.0 0.0 0.0 1.0
1305031911.365235 -0.14029860496520996 -0.06327908486127853 0.042813438922166824 0.021298708394169807 -0.1790192574262619 -0.1404397338628769 0.9735382199287415
1305031912.096953 -0.23957999050617218 -0.05116217955946922 0.12148187309503555 -0.007082820869982243 -0.39135316014289856 -0.2423696368932724 0.8877219557762146
1305031913.497227 -0.08459540456533432 -0.09756148606538773 0.22468537092208862 0.05570501461625099 -0.3173666298389435 -0.17833130061626434 0.9297173619270325
1305031913.833143 -0.020233064889907837 -0.04694473370909691 0.1586863398551941 0.030532563105225563 -0.08865267783403397 -0.03193087503314018 0.9950823187828064
1305031914.233108 0.1313309371471405 0.010576409287750721 0.055623989552259445 0.02253987267613411 0.06624241173267365 0.11287420988082886 0.9911432266235352
1305031914.697129 0.3943285346031189 0.13648059964179993 -0.10106968134641647 -0.012586431577801704 0.11511135846376419 0.0880446583032608 0.9893633127212524
1305031916.301076 1.4078800678253174 0.035014599561691284 -0.23577454686164856 0.08641577512025833 -0.2995862066745758 -0.21929839253425598 0.9244946241378784
1305031916.833266 1.591304063796997 -0.11196929216384888 -0.1650030016899109 0.25714758038520813 -0.42465686798095703 -0.19751614332199097 0.8452993035316467
1305031917.365138 1.729793667793274 -0.2821691632270813 -0.07563663274049759 0.40034326910972595 -0.5119933485984802 -0.1336270272731781 0.7481527924537659
1305031917.901060 1.8975610733032227 -0.2965727746486664 0.18834395706653595 0.1934995800256729 -0.5353495478630066 -0.24808916449546814 0.7838453650474548
1305031918.365072 2.0139522552490234 -0.4030223488807678 0.4311875104904175 0.036337029188871384 -0.5056644082069397 -0.3983672261238098 0.7643857002258301
1305031919.565165 2.124086618423462 -0.8715749382972717 1.0612459182739258 0.04375164955854416 -0.6176364421844482 -0.6188657879829407 0.48333945870399475
1305031920.501107 1.8135089874267578 -1.1011364459991455 1.2484087944030762 0.028048237785696983 -0.7161841988563538 -0.4906221032142639 0.49556347727775574
1305031920.833132 1.7068618535995483 -1.1560159921646118 1.2562214136123657 0.08329793810844421 -0.6669099926948547 -0.4133448004722595 0.6143611669540405
1305031921.365112 1.5806002616882324 -1.2956058979034424 1.296059250831604 0.11749791353940964 -0.5393483638763428 -0.35542625188827515 0.754300594329834
1305031921.901117 1.5066050291061401 -1.397924780845642 1.3786134719848633 0.1286669820547104 -0.36441898345947266 -0.2676289677619934 0.8826207518577576
1305031922.633085 1.3621702194213867 -1.3791035413742065 1.427071213722229 0.07538291811943054 -0.13970635831356049 -0.20134596526622772 0.9665711522102356
1305031923.501145 1.4618117809295654 -1.3741987943649292 1.440143346786499 0.08863933384418488 0.032394737005233765 -0.06781822443008423 0.9932247400283813
1305031924.301099 1.7503623962402344 -1.1727523803710938 1.1824638843536377 0.12709955871105194 0.05489238724112511 -0.050105612725019455 0.9891018271446228
1305031925.969198 2.1678943634033203 -0.6215612292289734 0.8645276427268982 0.12568975985050201 -0.021323859691619873 -0.049224600195884705 0.9906180500984192
1305031926.701042 2.377149820327759 -0.4389270544052124 0.6834627985954285 0.1004367545247078 0.12716656923294067 0.06547492742538452 0.9846089482307434
1305031927.101272 2.412663221359253 -0.3536580204963684 0.6129361987113953 0.05542949214577675 0.3126045763492584 0.22456710040569305 0.921291172504425
1305031927.633201 2.4638214111328125 -0.10362064838409424 0.5583012700080872 -0.05082554370164871 0.3648991286754608 0.34145882725715637 0.8646799921989441
1305031928.701110 2.7283124923706055 0.1748523712158203 0.25799256563186646 -0.03596954420208931 0.489867240190506 0.39744946360588074 0.775094747543335
1305031929.101213 2.7361977100372314 0.11176534742116928 0.14555436372756958 0.08013272285461426 0.6418820023536682 0.35629594326019287 0.6742563843727112
1305031929.501198 2.687521457672119 -0.01469280757009983 0.07418449223041534 0.19512267410755157 0.7512116432189941 0.3048723042011261 0.5519629716873169
1305031930.769068 2.4373984336853027 -0.04758578538894653 0.08387789875268936 0.11817890405654907 0.8033720254898071 0.39571282267570496 0.42899787425994873
1305031931.300955 2.383772850036621 0.0830196812748909 0.10609816759824753 0.00831992644816637 0.7450574636459351 0.5562244653701782 0.36801406741142273
1305031934.700945 2.468111515045166 0.27816852927207947 0.11169593036174774 -0.0010515126632526517 0.7994362711906433 0.5923756957054138 0.09995908290147781
1305031935.436887 2.0770537853240967 0.2285606861114502 -0.034054502844810486 0.016082966700196266 0.8213884234428406 0.5383256673812866 0.1877984255552292
1305031935.700948 1.9836294651031494 0.23391996324062347 -0.147634357213974 0.02887801080942154 0.8648051023483276 0.4893772602081299 0.10857560485601425
1305031936.036965 1.9112472534179688 0.19324561953544617 -0.23235002160072327 -0.035074181854724884 0.9223631620407104 0.38463178277015686 -0.00866750068962574
1305031936.768825 1.7298364639282227 0.21219640970230103 -0.32307296991348267 0.005894855596125126 0.951580286026001 0.28015974164009094 -0.12637415528297424
1305031937.236893 1.5427799224853516 0.33927953243255615 -0.3636946976184845 0.06131727620959282 0.8911519646644592 0.44657495617866516 -0.051580607891082764
1305031937.768919 1.4267441034317017 0.5657636523246765 -0.3226965069770813 0.08021829277276993 0.7740922570228577 0.6266290545463562 -0.041042715311050415
1305031938.368914 1.278656244277954 0.7247684597969055 -0.3073406219482422 0.06905889511108398 0.6742643117904663 0.6931004524230957 -0.24537797272205353
1305031938.836754 1.1954463720321655 0.6530476212501526 -0.23542889952659607 -0.04698347672820091 0.7357164025306702 0.5797843337059021 -0.34693649411201477
1305031939.168815 1.1252312660217285 0.4736159145832062 -0.29629552364349365 -0.1083495244383812 0.7879960536956787 0.4793223738670349 -0.3709086775779724
1305031939.636792 1.1291511058807373 0.2965541183948517 -0.3218213617801666 -0.16985678672790527 0.8563656806945801 0.3109127879142761 -0.37565988302230835
1305031940.236742 1.0199863910675049 0.2235785722732544 -0.28290697932243347 -0.16019773483276367 0.7493782639503479 0.3235081434249878 -0.5550791025161743
1305031940.703222 0.9177017211914062 0.3220234811306 -0.27055272459983826 -0.12132595479488373 0.5975688695907593 0.29552531242370605 -0.7354292869567871
1305031941.436799 0.5886051058769226 0.42353555560112 -0.18228338658809662 -0.07491961866617203 0.4255281984806061 0.28736039996147156 -0.854831874370575
1305031943.907218 -0.08129089325666428 0.20088714361190796 0.05605992674827576 -0.11003365367650986 0.35716015100479126 0.25960782170295715 -0.8904682397842407
1305031944.707774 0.033271290361881256 0.1335468590259552 -0.019366605207324028 -0.14760786294937134 0.19782106578350067 0.1130577102303505 -0.9624426364898682
1305031945.436818 0.13888071477413177 0.018058709800243378 -0.0667741522192955 -0.28317496180534363 0.1376522034406662 0.05585692450404167 -0.9474933743476868
1305031945.969300 0.3237374722957611 0.09448375552892685 0.02571462281048298 -0.21543772518634796 0.06498677283525467 0.04695739969611168 -0.9732202887535095
1305031946.437150 0.4093334376811981 0.1857740432024002 -0.032544154673814774 -0.08915378898382187 0.016861455515027046 0.029901357367634773 -0.9954261779785156
1305031948.037003 1.0203725099563599 0.36036238074302673 -0.2996967136859894 -0.09564384073019028 0.1999029666185379 0.21941184997558594 -0.9501311779022217
1305031948.905077 1.4100902080535889 0.0950082540512085 0.07399596273899078 -0.02685803920030594 0.21611852943897247 0.26835504174232483 -0.9383801817893982
1305031950.168914 1.5987842082977295 -0.3276853859424591 0.2811746597290039 -0.14895451068878174 0.38502228260040283 0.28780877590179443 -0.864139199256897
1305031950.436983 1.5901836156845093 -0.40470170974731445 0.26191532611846924 -0.3048231601715088 0.39049941301345825 0.20916101336479187 -0.8431164622306824
1305031950.704873 1.6296296119689941 -0.37140071392059326 0.30288463830947876 -0.31381675601005554 0.3974006772041321 0.1891084760427475 -0.8413264155387878
1305031951.168908 1.6941909790039062 -0.34704041481018066 0.43833088874816895 -0.14274604618549347 0.40401676297187805 0.2878667116165161 -0.8564618229866028
1305031951.704880 1.914764642715454 -0.4036080837249756 0.6625294089317322 -0.024508530274033546 0.3806898593902588 0.4205299913883209 -0.823182225227356
1305031953.172998 1.872262954711914 -0.7454961538314819 1.0644843578338623 -0.061577342450618744 0.6187171339988708 0.4314180910587311 -0.6536635756492615
1305031955.236857 1.9682835340499878 -0.4815760850906372 0.5464286208152771 -0.05154804512858391 0.3684561252593994 0.39101797342300415 -0.8418360352516174
