1305031790.645155 0.0 0.0 0.0 0.0 0.0 0.0 1.0
1305031791.113136 0.04644375294446945 0.0006026329356245697 0.07611087709665298 -0.055542267858982086 0.07587083429098129 0.08467446267604828 0.9919617176055908
1305031791.382161 0.1296854317188263 -0.0749092623591423 -0.025813203305006027 0.14557862281799316 0.21284404397010803 0.11059257388114929 0.9598307609558105
1305031791.645074 0.04449823871254921 -0.05855869501829147 -0.0503668338060379 0.32162198424339294 0.28173404932022095 0.1252216249704361 0.8952686190605164
1305031791.981259 -0.04273702949285507 -0.18251828849315643 -0.23083263635635376 0.45860469341278076 0.3583422601222992 0.11337130516767502 0.8052448034286499
1305031792.781106 0.013974519446492195 -0.0915391817688942 -0.3171025216579437 0.3196865916252136 0.35195907950401306 0.17764249444007874 0.8616086840629578
1305031793.249128 0.09846343845129013 0.04451436921954155 -0.18063955008983612 0.15591798722743988 0.3569389879703522 0.29840874671936035 0.8713417649269104
1305031793.849143 0.15648619830608368 0.12572240829467773 0.031080182641744614 -0.012415110133588314 0.37337303161621094 0.47580647468566895 0.7962703108787537
1305031794.713569 0.2749365270137787 0.027365488931536674 -0.21288053691387177 0.10972574353218079 0.5076597929000854 0.43758583068847656 0.7340032458305359
1305031794.981050 0.2281474471092224 0.0007689310004934669 -0.331307590007782 0.20005381107330322 0.6595317721366882 0.33901500701904297 0.6403626203536987
1305031795.381002 0.1277630627155304 -0.04971679672598839 -0.5232663750648499 0.28713488578796387 0.7553600072860718 0.25759246945381165 0.5297471880912781
1305031796.113719 0.19257846474647522 -0.008370805531740189 -0.42589637637138367 0.2031693011522293 0.8114979863166809 0.3896484076976776 0.3851856589317322
1305031796.513165 0.26341989636421204 0.08852190524339676 -0.34261107444763184 0.13207702338695526 0.7504791617393494 0.5562344789505005 0.33157217502593994
1305031796.981203 0.20333534479141235 0.19478562474250793 -0.19089974462985992 0.09088919311761856 0.6255565285682678 0.7069122791290283 0.31732141971588135
1305031797.649456 0.0928342267870903 0.31934499740600586 -0.1637391746044159 0.10016613453626633 0.5513495802879333 0.7818385362625122 0.27332791686058044
1305031797.981341 -0.002423670142889023 0.31660395860671997 -0.33264660835266113 0.11639444530010223 0.6963979601860046 0.6695361137390137 0.23065949976444244
1305031798.316991 0.004123625811189413 0.24140450358390808 -0.47460541129112244 0.11562468111515045 0.8158088326454163 0.5544499754905701 0.11692827939987183
1305031798.581180 0.028789209201931953 0.181582972407341 -0.5554001927375793 0.10246019065380096 0.8818442225456238 0.45929616689682007 0.02998984605073929
1305031798.981161 0.04802730679512024 0.03015919402241707 -0.6158075928688049 0.08625701069831848 0.9395279884338379 0.32315146923065186 -0.07361219823360443
1305031799.849541 -0.010282883420586586 -0.06646259129047394 -0.37915414571762085 0.06324858218431473 0.863628089427948 0.47739753127098083 -0.14912529289722443
1305031800.317620 -0.019565524533391 0.09210970997810364 -0.23574060201644897 0.09632079303264618 0.7276328206062317 0.6568279266357422 -0.17277005314826965
1305031800.853902 -0.05580251291394234 0.3132319152355194 -0.1861412525177002 0.13907085359096527 0.5833000540733337 0.7614215016365051 -0.24628622829914093
1305031801.183861 -0.13795822858810425 0.3125040829181671 -0.2786075174808502 0.0641622394323349 0.7008532285690308 0.6230298280715942 -0.34135186672210693
1305031801.585121 -0.182369202375412 0.180063858628273 -0.4500385522842407 -0.0227800402790308 0.795304000377655 0.4635830223560333 -0.3899535834789276
1305031802.053378 -0.21987420320510864 0.048001889139413834 -0.49264517426490784 -0.0930924043059349 0.8741446137428284 0.2754305601119995 -0.389028400182724
1305031802.781462 -0.22307541966438293 0.06207608804106712 -0.35936859250068665 -0.08568821847438812 0.7577643394470215 0.39740419387817383 -0.5104118585586548
1305031803.181556 -0.22856220602989197 0.16908031702041626 -0.21946994960308075 -0.014788292348384857 0.6167462468147278 0.488759309053421 -0.6168646216392517
1305031803.721616 -0.16306152939796448 0.24086833000183105 -0.12080803513526917 0.07620538026094437 0.47334766387939453 0.5343869924545288 -0.6961075663566589
1305031804.321896 -0.11424852907657623 0.2831229865550995 0.027029890567064285 0.20576995611190796 0.37850436568260193 0.5875277519226074 -0.6849854588508606
1305031804.581465 -0.18543222546577454 0.18087737262248993 0.029400302097201347 0.10219842195510864 0.44786062836647034 0.5171021223068237 -0.7222065925598145
1305031804.849385 -0.24060487747192383 0.08761908113956451 -0.05154038593173027 -0.0625634714961052 0.49027612805366516 0.43659913539886475 -0.7517291903495789
1305031805.181532 -0.2891705334186554 0.04291249439120293 -0.1773119568824768 -0.20157736539840698 0.5188678503036499 0.31874316930770874 -0.7671680450439453
1305031805.649369 -0.2831856608390808 0.04042074456810951 -0.23030425608158112 -0.3872692584991455 0.503994345664978 0.20389699935913086 -0.7446059584617615
1305031806.117332 -0.24868091940879822 0.08509759604930878 -0.13723208010196686 -0.20217253267765045 0.41940391063690186 0.26480820775032043 -0.8444541692733765
1305031806.517514 -0.18176661431789398 0.11964167654514313 0.013356429524719715 -0.04343228042125702 0.3197145164012909 0.3094601333141327 -0.8945004940032959
1305031806.981465 -0.10349482297897339 0.20213289558887482 0.13296973705291748 0.12165777385234833 0.23310579359531403 0.2964612543582916 -0.9181352853775024
1305031807.449510 -0.17016376554965973 0.14951176941394806 0.14911383390426636 0.1043926551938057 0.14872655272483826 0.21544775366783142 -0.9594604969024658
1305031807.717426 -0.21667464077472687 0.08841990679502487 0.10288885980844498 -0.0889703780412674 0.1035812497138977 0.1581980586051941 -0.977920413017273
1305031808.117668 -0.23729851841926575 0.014751297421753407 -0.002829425036907196 -0.29858478903770447 0.10482810437679291 0.09793359041213989 -0.9435389637947083
1305031808.649371 -0.15785589814186096 -0.047455720603466034 -0.19964942336082458 -0.5002884864807129 0.11841936409473419 0.05840224027633667 -0.8557320833206177
1305031809.181454 -0.08150385320186615 0.07015736401081085 -0.24881750345230103 -0.41754138469696045 -0.031216831877827644 0.017013007774949074 -0.9079623222351074
1305031809.649447 -0.1500956118106842 0.1495697796344757 -0.1483353078365326 -0.24044495820999146 -0.0908840075135231 -0.029173841699957848 -0.9659584760665894
1305031810.249478 -0.15458297729492188 0.27286580204963684 -0.063669353723526 -0.059808723628520966 -0.14531970024108887 -0.0866486057639122 -0.9837673902511597
1305031811.249459 0.011568088084459305 0.2597287893295288 -0.16256900131702423 -0.1495789736509323 -0.30605897307395935 -0.17044492065906525 -0.9246096014976501
1305031811.649459 -0.07550714910030365 0.20362915098667145 -0.19464707374572754 -0.33479735255241394 -0.418285071849823 -0.1491810828447342 -0.83107990026474
1305031812.049451 -0.2037774622440338 0.03869807720184326 -0.30533164739608765 -0.4487220346927643 -0.4586305618286133 -0.12920546531677246 -0.7560505270957947
1305031812.917509 -0.22032994031906128 0.30997589230537415 -0.4048956036567688 -0.3647911250591278 -0.5370317697525024 -0.20207567512989044 -0.7332729697227478
1305031813.317420 -0.157479390501976 0.37060609459877014 -0.33562609553337097 -0.20697814226150513 -0.4808657765388489 -0.33947932720184326 -0.781461238861084
1305031813.849442 -0.2179708629846573 0.4619671404361725 -0.18099771440029144 -0.01346665434539318 -0.42354610562324524 -0.4569911062717438 -0.7820397615432739
1305031814.649442 -0.24549737572669983 0.4283236563205719 -0.254814088344574 -0.09964579343795776 -0.5913354158401489 -0.5272483825683594 -0.601998507976532
1305031815.117774 -0.278323233127594 0.38220104575157166 -0.3721264898777008 -0.18742091953754425 -0.7054554224014282 -0.4478183090686798 -0.5163959860801697
