0.0 0.0 0.0 0.0 0.0 0.0 0.0 1.0
0.4000000059604645 -0.005757871549576521 0.21281875669956207 0.058029524981975555 -0.03204004094004631 0.004819005262106657 -0.0008594637620262802 0.9994751811027527
0.9333333373069763 -0.014431465417146683 -0.05450911074876785 -0.004316400270909071 -0.006468393374234438 0.020251741632819176 -0.014588690362870693 0.9996672868728638
1.4666666984558105 -9.145171497948468e-05 0.12705695629119873 0.03616432100534439 -0.018121082335710526 0.019216163083910942 -0.011026319116353989 0.9995899796485901
2.133333444595337 -0.0047697462141513824 -0.10366743803024292 -0.020391317084431648 0.0027672010473906994 0.03972393274307251 -0.0033075292594730854 0.999201774597168
2.6666667461395264 0.01071430929005146 0.1347503513097763 0.04432877153158188 -0.03357578068971634 0.031501103192567825 -0.00721155246719718 0.9989141225814819
3.3333332538604736 0.003078150562942028 -0.08532726019620895 -0.00208275462500751 -0.002292096382007003 0.042662784457206726 -0.018072791397571564 0.9989233016967773
4.133333206176758 0.01296352967619896 0.09160243719816208 0.009316745214164257 -0.0816388875246048 0.016526831313967705 -0.0024889251217246056 0.9965226650238037
5.4666666984558105 0.21006976068019867 0.06318771094083786 0.00805844459682703 -0.18711136281490326 0.057071100920438766 0.02755093388259411 0.9802936911582947
6.5333333015441895 -0.04192260280251503 0.07271361351013184 -0.029922552406787872 -0.19346868991851807 0.02174079418182373 0.014832857996225357 0.9807538986206055
6.933333396911621 -0.2216884195804596 0.09164727479219437 -0.04404120892286301 -0.19048164784908295 -0.006932633928954601 0.009238130412995815 0.9816235899925232
7.599999904632568 0.04063316434621811 0.08248437941074371 -0.03894245997071266 -0.1930418312549591 0.015575387515127659 0.012625821866095066 0.9809860587120056
8.266666412353516 0.17917411029338837 0.08365856856107712 0.03725452348589897 -0.14710281789302826 0.10071750730276108 0.038184717297554016 0.9832392930984497
8.666666984558105 0.15024475753307343 0.04415421932935715 0.1612788438796997 -0.14698681235313416 0.0417381227016449 0.021896781399846077 0.9880151152610779
8.933333396911621 -0.013963853940367699 0.0520658902823925 0.154891237616539 -0.16520173847675323 -0.07407786697149277 6.992469570832327e-05 0.9834744930267334
9.199999809265137 -0.13605192303657532 0.09748575091362 0.022965770214796066 -0.17845003306865692 -0.09791183471679688 -0.004921725485473871 0.9790540337562561
9.466666221618652 -0.04273753985762596 0.14653527736663818 -0.08105041831731796 -0.18308497965335846 0.009364564903080463 0.04248896241188049 0.9821335077285767
9.733333587646484 0.13613580167293549 0.13829858601093292 -0.05825958400964737 -0.17090991139411926 0.12903906404972076 0.07507980614900589 0.9739107489585876
10.0 0.22560223937034607 0.09197370707988739 0.07833142578601837 -0.14103485643863678 0.1319965124130249 0.06153810769319534 0.9792339205741882
10.266666412353516 0.040929798036813736 0.08885454386472702 0.14241907000541687 -0.1373874992132187 0.00027943996246904135 0.010973635129630566 0.9904565811157227
10.399999618530273 -0.05676507204771042 0.10062948614358902 0.11203767359256744 -0.1491095870733261 -0.06365753710269928 -0.0028736290987581015 0.9867658019065857
10.800000190734863 0.05832059308886528 0.16104114055633545 -0.01304292306303978 -0.16320998966693878 0.004857499618083239 -0.0011503539280965924 0.9865790605545044
11.199999809265137 0.023057131096720695 0.18848824501037598 -0.1730242818593979 -0.15529316663742065 0.06552721560001373 0.017136340960860252 0.9855433106422424
11.733333587646484 0.04135784134268761 0.12279559671878815 0.015295532532036304 -0.1685044914484024 0.027716627344489098 -0.010813767090439796 0.9852523803710938
12.0 0.01653488539159298 0.08462046831846237 0.12268131226301193 -0.1424979567527771 -0.05578768253326416 -0.030015408992767334 0.987766444683075
12.399999618530273 -0.020121976733207703 0.16838772594928741 -0.017671065405011177 -0.18194305896759033 -0.05974474921822548 -0.057754531502723694 0.9797917008399963
12.800000190734863 0.029618792235851288 0.20772463083267212 0.11442697048187256 -0.0937504768371582 -0.09171982109546661 -0.05290457606315613 0.9899495244026184
13.199999809265137 0.04201243817806244 0.24294030666351318 0.19842109084129333 0.012258387170732021 -0.09511357545852661 -0.028739795088768005 0.9949766993522644
30.133333206176758 0.10859300196170807 0.262687087059021 0.1689656674861908 5.919382601859979e-05 -0.07272306829690933 -0.05175354704260826 0.9960087537765503
30.66666603088379 0.11633452773094177 0.18203796446323395 0.1324753761291504 -0.019184689968824387 -0.07595913857221603 -0.059151969850063324 0.9951704740524292
30.799999237060547 0.09838470071554184 0.11273310333490372 0.13473504781723022 -0.004939540755003691 -0.07502861320972443 -0.05315624177455902 0.9957517385482788
31.066667556762695 0.0753289982676506 -0.014660689979791641 0.13209930062294006 -0.0030952629167586565 -0.08360899239778519 -0.03034478798508644 0.996031641960144
32.0 0.1744787096977234 -0.038073305040597916 0.09245119243860245 -0.022246168926358223 -0.061550773680210114 -0.043584875762462616 0.9969037771224976
32.79999923706055 0.32011833786964417 -0.13589924573898315 0.13638247549533844 -0.024207476526498795 -0.009165710769593716 -0.025348342955112457 0.9993435144424438
33.33333206176758 0.5058415532112122 -0.171739861369133 0.2509818375110626 -0.03037971444427967 0.07927469164133072 0.014933319762349129 0.9962776303291321
33.599998474121094 0.6396207809448242 -0.1623399704694748 0.3528267741203308 -0.024838725104928017 0.1452973186969757 0.03142338618636131 0.9885770678520203
33.733333587646484 0.7097640633583069 -0.19239585101604462 0.4068082869052887 -0.008477148599922657 0.15556354820728302 0.03138604015111923 0.9872916340827942
33.86666488647461 0.7781173586845398 -0.23498879373073578 0.45939764380455017 -0.01633409410715103 0.15683136880397797 0.02558755874633789 0.9871591925621033
34.13333511352539 0.8927252292633057 -0.30224454402923584 0.5747121572494507 -0.01859787479043007 0.14676742255687714 0.024320248514413834 0.988697350025177
36.13333511352539 1.4612354040145874 -0.47647786140441895 1.6533194780349731 -0.028591830283403397 0.03294997662305832 0.0006212671869434416 0.9990479350090027
37.46666717529297 1.8572458028793335 -0.926974356174469 2.6662094593048096 -0.022798163816332817 -0.01119932159781456 -0.005602633580565453 0.9996615052223206
38.66666793823242 2.117832660675049 -1.3449395895004272 3.403425931930542 -0.026029668748378754 -0.012926586903631687 -0.037423279136419296 0.9988771677017212
39.733333587646484 2.204512596130371 -1.5470651388168335 4.015909671783447 -0.02940014936029911 -0.027317695319652557 -0.014689731411635876 0.9990864396095276
40.13333511352539 2.317366123199463 -1.5461746454238892 4.337583065032959 -0.007070493418723345 -0.021064704284071922 -0.03486364334821701 0.9991458654403687
43.20000076293945 2.903139114379883 -1.904789686203003 5.4903244972229 -0.004871775396168232 -0.010623151436448097 0.0045813811011612415 0.9999223351478577
44.266666412353516 3.3639895915985107 -1.9788494110107422 6.3191704750061035 -0.01859695464372635 0.029040837660431862 -0.005095397587865591 0.9993919134140015
44.79999923706055 3.6421399116516113 -2.220686197280884 6.755304336547852 0.007695946842432022 0.16130904853343964 0.028264649212360382 0.9864701628684998
45.86666488647461 4.216005325317383 -2.3131065368652344 7.060810089111328 0.014210703782737255 0.31106406450271606 0.08646012842655182 0.946341335773468
47.33333206176758 4.815090179443359 -2.4546735286712646 6.695919513702393 0.007275457959622145 0.484342485666275 0.1510910838842392 0.8617046475410461
48.53333282470703 4.9246416091918945 -2.1649367809295654 6.299081802368164 -0.001524325693026185 0.6382896304130554 0.22188813984394073 0.7371231317520142
50.400001525878906 4.952733039855957 -1.9280790090560913 5.468136310577393 0.02937990054488182 0.7335667610168457 0.22644487023353577 0.6401100754737854
51.06666564941406 4.680715084075928 -1.7381975650787354 5.236908912658691 0.011127631179988384 0.7949846982955933 0.2875383496284485 0.5340408086776733
52.13333511352539 4.1708221435546875 -1.48065984249115 4.684102535247803 0.03269384056329727 0.7861741781234741 0.2976243197917938 0.5406333208084106
53.06666564941406 3.749873638153076 -1.0537337064743042 4.073190689086914 0.0145840123295784 0.8037042021751404 0.26006126403808594 0.5349921584129333
55.86666488647461 3.6408615112304688 -0.4591989815235138 4.437271595001221 -0.023145776242017746 0.7989556789398193 0.29194483160972595 0.5252666473388672
56.79999923706055 4.2430853843688965 -0.43031010031700134 4.786958694458008 0.010513884015381336 0.7928495407104492 0.24900184571743011 0.5561290383338928
57.46666717529297 4.6511383056640625 -0.690954864025116 5.15836238861084 0.022218957543373108 0.7921786308288574 0.25635653734207153 0.5533950328826904
58.400001525878906 5.036746025085449 -0.9158712029457092 5.62929105758667 0.00983231421560049 0.7902883887290955 0.25047945976257324 0.5591148734092712
59.733333587646484 5.665298938751221 -0.9645147919654846 6.152530670166016 0.006579942535609007 0.8028467893600464 0.2510574162006378 0.5407097935676575
60.79999923706055 5.494541168212891 -1.157733678817749 6.487635135650635 0.11637044697999954 0.6848798394203186 0.27945220470428467 0.6628019213676453
61.46666717529297 4.718439102172852 -1.02500319480896 5.502511978149414 -0.06169943884015083 0.5719579458236694 0.22369514405727386 0.7867780923843384
64.13333129882812 5.2772603034973145 -1.0223956108093262 5.787971496582031 0.015267867594957352 0.41047489643096924 0.13684527575969696 0.9014163017272949
64.66666412353516 5.449353218078613 -1.0598052740097046 6.295889854431152 -0.013859426602721214 0.2678675353527069 0.06717146933078766 0.9610114693641663
64.93333435058594 5.514461517333984 -1.1277304887771606 6.537664413452148 -0.010757685638964176 0.2526240944862366 0.0581321157515049 0.965757429599762
65.19999694824219 5.56334924697876 -1.1545765399932861 6.779146671295166 0.022791899740695953 0.22642596065998077 0.03410249948501587 0.9731654524803162
65.46666717529297 5.5637407302856445 -1.2212884426116943 6.919988632202148 0.0012218649499118328 0.12602107226848602 0.04637446627020836 0.9909428954124451
66.4000015258789 5.56803035736084 -1.3514765501022339 7.267812252044678 0.00872033555060625 -0.15182548761367798 -0.08294343203306198 0.9848832488059998
67.86666870117188 5.12178373336792 -1.4302098751068115 6.898256301879883 0.0014860851224511862 -0.22962383925914764 -0.10774523764848709 0.9672971367835999
69.06666564941406 4.469257354736328 -1.3060040473937988 6.223640441894531 -0.001872100168839097 -0.2427806407213211 -0.1091531366109848 0.9639191031455994
70.26667022705078 3.921595573425293 -1.0075987577438354 5.367114067077637 -0.00596768269315362 -0.25962966680526733 -0.11625020951032639 0.958667516708374
71.33333587646484 3.552264451980591 -0.6740667819976807 4.544360160827637 -0.020869316533207893 -0.25128838419914246 -0.108860544860363 0.961544930934906
72.4000015258789 3.2378413677215576 -0.2867893576622009 3.9575743675231934 -0.003638754365965724 -0.255946546792984 -0.1058819591999054 0.9608677625656128
73.19999694824219 2.942173480987549 0.02699946239590645 3.4684627056121826 -0.018233368173241615 -0.28589683771133423 -0.11968415975570679 0.9505822658538818
75.06666564941406 3.2768988609313965 -0.512592613697052 3.854700803756714 -0.0025248813908547163 -0.2968984842300415 -0.11833325028419495 0.9475451707839966
76.93333435058594 3.7813026905059814 -1.042021632194519 4.1237874031066895 -0.020435351878404617 -0.2978147268295288 -0.11372627317905426 0.9476047158241272
79.46666717529297 3.367079257965088 -0.8805862069129944 3.980952262878418 -0.020384399220347404 -0.01777905970811844 -0.032620854675769806 0.9991022944450378
80.13333129882812 3.190080165863037 -0.7778487801551819 3.8788294792175293 -0.008197637274861336 0.21669168770313263 0.07318122684955597 0.9734596014022827
81.73332977294922 3.5993504524230957 -0.42083680629730225 3.7778091430664062 -0.005399343557655811 0.36963361501693726 0.12732890248298645 0.9203967452049255
83.86666870117188 4.582561016082764 -0.19856657087802887 4.231279373168945 -0.027022866532206535 0.37617143988609314 0.11901648342609406 0.9184776544570923
84.4000015258789 4.939388751983643 -0.2639596164226532 4.60188102722168 -0.0024059712886810303 0.3722788393497467 0.11765861511230469 0.9206305742263794
85.33333587646484 5.46783447265625 -0.5579992532730103 5.25374698638916 -0.02017628774046898 0.3861015737056732 0.13257884979248047 0.9126565456390381
86.13333129882812 5.999316692352295 -0.6539934873580933 5.919226169586182 0.007573267444968224 0.3914625644683838 0.10181911289691925 0.9145129919052124
87.33333587646484 6.174142360687256 -0.8096250891685486 6.794065475463867 0.011494412086904049 0.331352561712265 0.11274416744709015 0.9366763830184937
88.66666412353516 5.6348347663879395 -1.1054420471191406 7.208343029022217 0.028495797887444496 0.23283131420612335 0.04040656238794327 0.9712594747543335
89.5999984741211 5.017570495605469 -1.2211629152297974 6.742804050445557 0.0024777832441031933 0.22070921957492828 0.058144405484199524 0.9736027121543884
90.13333129882812 4.776520729064941 -1.138668417930603 6.463439464569092 -0.024312369525432587 0.14292755722999573 0.023929696530103683 0.9891441464424133
90.4000015258789 4.695061206817627 -1.171702265739441 6.3477630615234375 -0.022391682490706444 0.09074427932500839 0.0011630362132564187 0.9956218004226685
91.73332977294922 4.5310282707214355 -1.0214897394180298 5.83470344543457 -0.0011836363701149821 -0.0019318345002830029 -0.04879775270819664 0.9988060593605042
92.53333282470703 4.273448944091797 -0.8490252494812012 5.447361946105957 -0.009695966728031635 -0.13924027979373932 -0.06509733945131302 0.988069474697113
93.33333587646484 3.9899628162384033 -0.6261604428291321 5.102719783782959 -0.006527572870254517 -0.1680271476507187 -0.07550886273384094 0.9828646183013916
95.06666564941406 3.8777143955230713 -0.32914501428604126 4.4338579177856445 -0.006020348984748125 -0.04651616886258125 -0.04445406794548035 0.9979096055030823
96.66666412353516 3.7519123554229736 -0.14372822642326355 3.8086249828338623 -0.008850105106830597 0.11803252249956131 0.009122330695390701 0.9929286241531372
99.73332977294922 3.3391313552856445 -0.4401675760746002 2.73508358001709 0.0026541943661868572 0.02527446113526821 -0.023721156641840935 0.9993957877159119
103.33333587646484 2.4319353103637695 -0.11686662584543228 1.330234408378601 -0.017967578023672104 0.013173972256481647 -0.02869589999318123 0.9993401169776917
106.80000305175781 1.8304623365402222 -0.1289910078048706 0.7791485786437988 -0.006986698135733604 0.2430880218744278 0.06575698405504227 0.9677479267120361
110.13333129882812 2.5607666969299316 1.0873178243637085 1.5420706272125244 0.010776245035231113 0.2906350791454315 0.07647518813610077 0.953711986541748
115.06666564941406 2.346578598022461 -0.23273538053035736 1.5935643911361694 -0.003224804066121578 0.26567232608795166 0.0640014261007309 0.9619312882423401
115.46666717529297 2.341564893722534 -0.35775795578956604 1.5503395795822144 -0.010135851800441742 0.14729753136634827 0.00949954055249691 0.9889946579933167
116.53333282470703 2.0959017276763916 -0.3856576681137085 1.4546221494674683 0.005166948307305574 0.01522655226290226 -0.04010839760303497 0.9990659356117249
118.13333129882812 1.0735377073287964 -0.225063756108284 0.761052668094635 0.00039271809509955347 -0.06160268560051918 -0.05432857945561409 0.9966209530830383
118.66666412353516 0.7272605895996094 -0.13618743419647217 0.43043771386146545 -0.03631981089711189 -0.08224746584892273 -0.06979593634605408 0.9935014247894287
119.19999694824219 0.3278316259384155 -0.14465492963790894 0.1950995922088623 -0.04612981528043747 -0.11332406103610992 -0.043281152844429016 0.9915422201156616
120.26667022705078 0.04678083583712578 0.08106734603643417 0.12898336350917816 -0.02620450221002102 -0.10632873326539993 -0.05731546878814697 0.992331862449646
120.93333435058594 0.027730418369174004 0.21864956617355347 0.07722260057926178 -0.02547210082411766 -0.10532749444246292 -0.0693892240524292 0.9916870594024658
121.33333587646484 -0.05321801081299782 0.2328900843858719 0.08988983929157257 0.0019739451818168163 -0.10292644798755646 -0.04530235379934311 0.9936550259590149
122.0 -0.15294945240020752 0.253518283367157 0.12581217288970947 0.0005045699654147029 -0.0969759076833725 -0.019686877727508545 0.9950918555259705
