0.0 0.0 0.0 0.0 0.0 0.0 0.0 1.0
2.866666555404663 -0.016331017017364502 -0.2448275089263916 -0.0777292251586914 0.006174809765070677 -0.01936987042427063 0.005673994775861502 0.9997767806053162
3.0 -0.012359506450593472 -0.5196537971496582 -0.15350593626499176 -0.004016451071947813 -0.03631287440657616 0.017168521881103516 0.9991852045059204
3.200000047683716 -0.013909311033785343 -0.9453403949737549 -0.2485807240009308 0.01663743145763874 -0.05864563584327698 0.021220330148935318 0.9979159832000732
3.7333333492279053 0.12210977077484131 -0.705211341381073 -0.18492348492145538 0.0015757380751892924 -0.04327411204576492 0.005523191764950752 0.9990471005439758
3.8333332538604736 0.14390955865383148 -0.49384745955467224 -0.13713982701301575 -0.006584301125258207 -0.04194624722003937 -0.0006425597821362317 0.9990983605384827
4.400000095367432 0.17196331918239594 -1.1068110466003418 -0.32241585850715637 0.017017945647239685 -0.049763403832912445 -0.007551820948719978 0.9985878467559814
5.0 0.12435232102870941 -0.6581265330314636 -0.14709028601646423 -0.020534910261631012 -0.05856309086084366 -0.018214695155620575 0.9979060292243958
5.266666889190674 0.1491968035697937 -0.342923104763031 -0.050541073083877563 -0.007521444000303745 -0.03532169759273529 -0.018454497680068016 0.9991769194602966
5.566666603088379 0.6158977746963501 -0.442821204662323 -0.14517110586166382 -0.004765824880450964 -0.009372596628963947 0.0039622047916054726 0.9999372959136963
5.666666507720947 0.8544730544090271 -0.47193431854248047 -0.19783355295658112 0.008028826676309109 0.00025622735847719014 0.017669562250375748 0.9998113512992859
5.733333110809326 1.0456587076187134 -0.479109525680542 -0.2379879504442215 0.016345961019396782 0.007217151112854481 0.021928559988737106 0.9996002912521362
5.900000095367432 1.5242396593093872 -0.44470441341400146 -0.29184654355049133 0.02072356455028057 0.025414738804101944 0.020836081355810165 0.999245285987854
6.199999809265137 2.029151678085327 -0.40677520632743835 -0.13574430346488953 0.013674883171916008 0.09283460676670074 0.03946762904524803 0.9948059320449829
7.599999904632568 0.3751298785209656 -0.6375117897987366 0.08437822759151459 -0.01810631901025772 0.06610022485256195 0.02252703346312046 0.9973942041397095
7.733333110809326 0.2927019000053406 -0.44618284702301025 0.015030517242848873 -0.04212784394621849 0.06361830979585648 0.01699584722518921 0.9969393610954285
8.5 0.28007861971855164 -0.1580081284046173 0.35284799337387085 -0.028731677681207657 0.08466774225234985 0.036285798996686935 0.9953334927558899
14.166666984558105 0.2767506539821625 -0.2973814308643341 0.4277895987033844 0.024165337905287743 0.08399525284767151 0.03180775046348572 0.9956662058830261
14.266666412353516 0.2842642068862915 -0.4372497797012329 0.4163578748703003 0.01676647737622261 0.08209560066461563 0.03041926957666874 0.9960191249847412
14.333333015441895 0.28974026441574097 -0.5421364307403564 0.4065423011779785 0.014537584967911243 0.08125440031290054 0.03031976893544197 0.9961265921592712
14.399999618530273 0.29511359333992004 -0.6327210068702698 0.4054720401763916 0.012918041087687016 0.07922884076833725 0.030798520892858505 0.9962975978851318
15.433333396911621 0.09960827231407166 -1.3844492435455322 1.2114317417144775 0.00845451932400465 -0.07252220064401627 -0.05569731444120407 0.9957743883132935
16.433332443237305 -1.5968279838562012 -2.4280951023101807 2.356626510620117 0.04079362004995346 -0.2551671266555786 -0.1381251960992813 0.9561113715171814
17.66666603088379 -4.125538349151611 -3.2419183254241943 2.9398534297943115 0.016750941053032875 -0.4273843467235565 -0.1686851531267166 0.8880369067192078
18.66666603088379 -6.678674221038818 -3.512418746948242 3.1764135360717773 0.02309073880314827 -0.5302155017852783 -0.2203822284936905 0.8183960914611816
19.866666793823242 -10.162524223327637 -3.653834342956543 3.1105024814605713 0.023222532123327255 -0.5776026248931885 -0.2459748089313507 0.7780309319496155
20.66666603088379 -13.402034759521484 -3.700936794281006 2.348849058151245 0.014084870927035809 -0.6496239900588989 -0.27161502838134766 0.7099418044090271
20.766666412353516 -13.8309965133667 -3.7370245456695557 2.257962226867676 0.01430327445268631 -0.6512500643730164 -0.26915448904037476 0.7093835473060608
20.866666793823242 -14.251835823059082 -3.7497637271881104 2.1637866497039795 0.014787185937166214 -0.6534680128097534 -0.2641303241252899 0.709223210811615
21.899999618530273 -18.454425811767578 -4.569749355316162 1.4963140487670898 0.04027504473924637 -0.680091917514801 -0.22571353614330292 0.6963534355163574
21.933332443237305 -18.569700241088867 -4.5759429931640625 1.4984757900238037 0.04413628205657005 -0.6821749806404114 -0.22118929028511047 0.6955317854881287
21.96666717529297 -18.69578742980957 -4.6021928787231445 1.4749786853790283 0.04638345167040825 -0.6828697919845581 -0.21801826357841492 0.6957057118415833
23.03333282470703 -22.033538818359375 -6.674281597137451 2.367342233657837 0.03661510348320007 -0.5752794742584229 -0.1553824245929718 0.8022289276123047
24.933332443237305 -19.03355598449707 -9.494124412536621 6.681676387786865 0.03317897021770477 -0.5297964215278625 -0.1884625256061554 0.826255202293396
26.0 -16.662994384765625 -11.062583923339844 9.100165367126465 0.012406283989548683 -0.5261396169662476 -0.17323453724384308 0.8324739336967468
26.96666717529297 -15.336828231811523 -12.973831176757812 12.500848770141602 -0.005150731652975082 -0.510604739189148 -0.2234644740819931 0.8302547335624695
27.83333396911621 -16.077062606811523 -14.616180419921875 15.723896980285645 0.030773013830184937 -0.5230146050453186 -0.2053622454404831 0.8266409635543823
28.233333587646484 -16.584152221679688 -14.941428184509277 17.098878860473633 0.03520361706614494 -0.431726336479187 -0.14920203387737274 0.8888826370239258
28.5 -16.9193058013916 -14.932774543762207 18.01056671142578 0.03407784923911095 -0.3372698426246643 -0.08565127104520798 0.9368849992752075
28.799999237060547 -17.061573028564453 -15.073186874389648 18.950969696044922 0.05347289517521858 -0.24390625953674316 -0.04082946851849556 0.9674635529518127
29.16666603088379 -16.797304153442383 -15.2103910446167 19.644800186157227 0.03421148657798767 -0.2076541781425476 -0.06746219098567963 0.9752758145332336
29.399999618530273 -16.594133377075195 -15.184907913208008 20.07874298095703 0.0342964306473732 -0.17069022357463837 -0.059148065745830536 0.9829516410827637
29.53333282470703 -16.461200714111328 -15.19577693939209 20.249210357666016 0.0369078554213047 -0.14588597416877747 -0.048583973199129105 0.9874191284179688
29.933332443237305 -16.05670166015625 -15.258611679077148 20.52797508239746 0.03782202675938606 -0.00927657075226307 0.03159284591674805 0.9987420439720154
30.16666603088379 -15.714980125427246 -15.220049858093262 20.63107681274414 0.04517154395580292 0.06223665550351143 0.06456858664751053 0.9949456453323364
31.100000381469727 -12.933258056640625 -14.69180679321289 19.116052627563477 0.048884112387895584 0.07242137938737869 0.06929534673690796 0.9937626123428345
31.133333206176758 -12.825606346130371 -14.678906440734863 18.975784301757812 0.047708384692668915 0.07316438853740692 0.07260189950466156 0.9935296177864075
31.16666603088379 -12.69713306427002 -14.652212142944336 18.849414825439453 0.04697633907198906 0.07398535311222076 0.07492788881063461 0.9933308362960815
31.600000381469727 -10.784392356872559 -13.508545875549316 17.24282455444336 0.03604491800069809 0.09255059063434601 0.07834187150001526 0.9919677972793579
31.933332443237305 -9.008419036865234 -12.564992904663086 15.576248168945312 0.02114284038543701 0.11573384702205658 0.04668451473116875 0.9919583201408386
32.43333435058594 -6.652888298034668 -10.550555229187012 13.438292503356934 -0.01096055842936039 0.10710607469081879 0.04649268835783005 0.9931005239486694
33.36666488647461 -1.39468252658844 -6.218371391296387 11.330056190490723 0.015426136553287506 0.061041850596666336 0.008612755686044693 0.9979799389839172
35.400001525878906 0.47209832072257996 -4.471511363983154 10.34317684173584 0.043144699186086655 0.2143964022397995 0.13876989483833313 0.9658756256103516
36.06666564941406 1.8998997211456299 -3.6645119190216064 9.497828483581543 0.025891097262501717 0.3624803125858307 0.1816309690475464 0.9137557744979858
36.400001525878906 2.8460817337036133 -3.2513773441314697 8.872140884399414 0.0048214043490588665 0.4446333348751068 0.1973874717950821 0.8736804127693176
36.900001525878906 4.485650539398193 -2.929229497909546 8.161179542541504 -0.013674558140337467 0.4518166780471802 0.1814979463815689 0.8733458518981934
36.93333435058594 4.592770576477051 -2.9213085174560547 8.131929397583008 -0.01391338836401701 0.45427316427230835 0.1798602193593979 0.8724055886268616
36.96666717529297 4.712575435638428 -2.9060192108154297 8.119897842407227 -0.014469151385128498 0.45602408051490784 0.17806923389434814 0.871850311756134
37.06666564941406 5.081882953643799 -2.915860652923584 8.019827842712402 -0.016033701598644257 0.4595409333705902 0.17651982605457306 0.8702921867370605
37.53333282470703 6.714308738708496 -3.088182210922241 7.744178771972656 0.04856057092547417 0.576268196105957 0.2268412858247757 0.7836458683013916
37.733333587646484 7.365017414093018 -3.073408842086792 7.593647480010986 0.03762530907988548 0.6291512250900269 0.23719127476215363 0.7392528057098389
38.233333587646484 9.068525314331055 -2.9756336212158203 6.9233527183532715 0.015553157776594162 0.6311283111572266 0.25796225666999817 0.7313631772994995
38.70000076293945 10.914344787597656 -2.8908913135528564 6.136777877807617 -0.017634611576795578 0.6253321170806885 0.24082639813423157 0.7420586943626404
39.099998474121094 12.85459041595459 -3.0686445236206055 5.668139934539795 -0.035593364387750626 0.6353815793991089 0.21361973881721497 0.7412092089653015
39.46666717529297 14.68422794342041 -3.208618402481079 5.714834690093994 -0.0033041671849787235 0.6345788836479187 0.2162531018257141 0.7419801950454712
39.83333206176758 16.368005752563477 -3.5717506408691406 5.9783735275268555 -0.013177208602428436 0.6343843936920166 0.21286197006702423 0.7430160045623779
40.233333587646484 18.052169799804688 -3.970532178878784 6.532412528991699 0.007017483934760094 0.6269828081130981 0.22763681411743164 0.7450013160705566
40.66666793823242 19.75153350830078 -4.217381000518799 7.1350555419921875 -0.005338053219020367 0.6344280242919922 0.20874913036823273 0.7442433834075928
41.03333282470703 21.00798797607422 -4.582134246826172 7.640748500823975 0.023618778213858604 0.6238285303115845 0.21459145843982697 0.7511531710624695
41.13333511352539 21.307682037353516 -4.641138076782227 7.773690700531006 0.027341874316334724 0.6089568138122559 0.1937914490699768 0.7686812281608582
41.20000076293945 21.49056053161621 -4.6683173179626465 7.854941368103027 0.018135016784071922 0.5883561968803406 0.1833076924085617 0.7873418927192688
41.33333206176758 21.812572479248047 -4.705776214599609 8.035160064697266 0.02200574055314064 0.5298945903778076 0.15355905890464783 0.8337543606758118
41.599998474121094 22.285911560058594 -4.687676429748535 8.394355773925781 0.03100033663213253 0.3820982575416565 0.11955846846103668 0.9158303737640381
43.0 23.749473571777344 -5.586493492126465 9.24208927154541 0.01675417087972164 0.3263222277164459 0.08706587553024292 0.9410908222198486
43.233333587646484 23.712451934814453 -6.0137619972229 9.257733345031738 0.0034087630920112133 0.327854722738266 0.09208182990550995 0.9402253031730652
43.53333282470703 23.574216842651367 -6.378249645233154 9.310980796813965 -0.00953991524875164 0.3287483751773834 0.09753917157649994 0.9393174052238464
43.56666564941406 23.574377059936523 -6.380964756011963 9.310345649719238 -0.00963521096855402 0.32868263125419617 0.09760984778404236 0.939333438873291
44.03333282470703 23.244489669799805 -6.877560138702393 9.55691909790039 0.002855371916666627 0.3337174952030182 0.090347521007061 0.9383300542831421
44.06666564941406 23.225557327270508 -6.925246715545654 9.554685592651367 0.010026451200246811 0.3336392641067505 0.0886339619755745 0.938473105430603
45.5 20.6600284576416 -7.358583450317383 9.62778377532959 0.0015751661267131567 0.32544511556625366 0.1095590814948082 0.9391915202140808
47.29999923706055 16.63218879699707 -7.201031684875488 9.786059379577637 0.011599342338740826 0.30779558420181274 0.116079181432724 0.94427490234375
48.86666488647461 12.535961151123047 -7.15196418762207 9.461228370666504 -0.032115332782268524 0.3049778640270233 0.13454194366931915 0.9422617554664612
50.86666488647461 12.092645645141602 -9.552506446838379 11.02761459350586 0.010402251966297626 0.215520977973938 0.07745704054832458 0.9733662009239197
52.96666717529297 7.3786115646362305 -11.171457290649414 11.686209678649902 0.005815360229462385 0.2582399547100067 0.02093774639070034 0.9658362865447998
53.56666564941406 2.161334753036499 -11.608501434326172 12.66401481628418 0.006200016476213932 0.2195812463760376 0.06149521842598915 0.9736338257789612
54.03333282470703 -2.6138172149658203 -11.782718658447266 13.469025611877441 0.004318592604249716 0.14913275837898254 0.03528023511171341 0.9881782531738281
54.400001525878906 -6.064205646514893 -12.131047248840332 13.884058952331543 -0.008457771502435207 0.07705870270729065 0.007587872911244631 0.9969625473022461
54.86666488647461 -10.002405166625977 -12.31516170501709 14.547982215881348 -0.020238598808646202 0.06741096824407578 0.06859207153320312 0.9951603412628174
55.43333435058594 -13.256439208984375 -12.995757102966309 15.602261543273926 -0.04164639860391617 0.07678356766700745 0.023477165028452873 0.9959014654159546
55.766666412353516 -14.413960456848145 -13.46876049041748 16.914264678955078 -0.0005673086270689964 0.0020048804581165314 -0.009270893409848213 0.9999555349349976
56.266666412353516 -15.40737533569336 -14.17447280883789 18.097965240478516 0.06815784424543381 -0.20976930856704712 -0.07502876967191696 0.9724833369255066
56.33333206176758 -15.61643123626709 -14.255328178405762 18.150535583496094 0.09535045176744461 -0.24498362839221954 -0.061723098158836365 0.9628518223762512
56.400001525878906 -15.793808937072754 -14.311388969421387 18.193071365356445 0.10442420840263367 -0.2732463777065277 -0.06186535209417343 0.9542567133903503
56.5 -16.0317325592041 -14.374844551086426 18.266843795776367 0.10385998338460922 -0.30851373076438904 -0.07875919342041016 0.9422480463981628
56.56666564941406 -16.13578987121582 -14.4459810256958 18.18985939025879 0.09727047383785248 -0.33374303579330444 -0.08560028672218323 0.9337165951728821
56.70000076293945 -16.307769775390625 -14.57399845123291 17.986469268798828 0.08964429795742035 -0.3864879310131073 -0.08600306510925293 0.9138906002044678
56.83333206176758 -16.400243759155273 -14.616155624389648 17.767122268676758 0.059074629098176956 -0.4076871871948242 -0.11500048637390137 0.9039238691329956
56.93333435058594 -16.430999755859375 -14.607892036437988 17.592195510864258 0.03110378049314022 -0.41172337532043457 -0.1311570703983307 0.9012840986251831
57.63333511352539 -16.23526954650879 -13.92470645904541 16.053009033203125 0.04908205196261406 -0.419722318649292 -0.1602860540151596 0.8920385241508484
58.099998474121094 -15.739782333374023 -13.258261680603027 14.327746391296387 0.007790231145918369 -0.41739216446876526 -0.1667414903640747 0.8932641744613647
59.03333282470703 -16.079111099243164 -11.881431579589844 10.611013412475586 0.010090379044413567 -0.40625324845314026 -0.18422815203666687 0.8949391841888428
59.5 -17.42473793029785 -10.715383529663086 8.662391662597656 0.018240569159388542 -0.5006945133209229 -0.1895153969526291 0.8444268107414246
60.33333206176758 -19.821319580078125 -8.713432312011719 7.119467258453369 0.049061357975006104 -0.5075751543045044 -0.17630892992019653 0.8419479131698608
61.96666717529297 -20.346548080444336 -5.210255146026611 6.329301834106445 0.04956476017832756 -0.512904167175293 -0.16062940657138824 0.8418265581130981
63.83333206176758 -15.350861549377441 -3.4019603729248047 5.2281622886657715 0.04675246775150299 -0.4790894091129303 -0.16232015192508698 0.8613590002059937
64.5 -13.123149871826172 -2.7011876106262207 4.6176252365112305 0.01459016464650631 -0.35341742634773254 -0.10420868545770645 0.9295294284820557
64.86666870117188 -11.872161865234375 -2.9022769927978516 4.196638107299805 0.02497680112719536 -0.19365759193897247 -0.061016205698251724 0.9788510203361511
65.33333587646484 -10.150978088378906 -3.093344211578369 3.9560608863830566 0.029464222490787506 -0.06937909126281738 -0.008316123858094215 0.9971203804016113
65.73332977294922 -8.755881309509277 -2.7525241374969482 3.905977487564087 0.013196300715208054 0.033330462872982025 0.03608081489801407 0.9987057447433472
67.06666564941406 -4.423566818237305 -3.264667272567749 5.0872955322265625 0.000591559219174087 0.04442453011870384 0.011536717414855957 0.9989466071128845
67.73332977294922 -2.7780003547668457 -4.20015287399292 6.588130950927734 0.024971414357423782 0.19671620428562164 0.09208805859088898 0.9758070707321167
72.33333587646484 0.9082460403442383 -1.5642319917678833 1.4790406227111816 0.011160767637193203 0.18644438683986664 0.07277378439903259 0.9797026515007019
73.4000015258789 0.7207820415496826 -0.6996926069259644 0.1446899175643921 -0.002026472706347704 0.19346219301223755 0.06397351622581482 0.9790183901786804
73.56666564941406 0.6509349942207336 -0.6048672199249268 0.03266369551420212 -0.0027053237427026033 0.19284595549106598 0.06871439516544342 0.97881680727005
73.69999694824219 0.5667831897735596 -0.587040364742279 -0.009902176447212696 0.019416777417063713 0.1884491890668869 0.08586683124303818 0.9781290292739868
73.86666870117188 0.5098012685775757 -0.5071889758110046 -0.06663711369037628 0.018656743690371513 0.19034726917743683 0.08198656141757965 0.9781093001365662
73.93333435058594 0.4971983730792999 -0.44418638944625854 -0.08481956273317337 0.01842905767261982 0.19312602281570435 0.07584754377603531 0.9780644774436951
74.06666564941406 0.4745490550994873 -0.3516455292701721 -0.1361100673675537 0.015142951160669327 0.1955510973930359 0.06623589992523193 0.9783371686935425
74.36666870117188 0.337525337934494 -0.29749318957328796 -0.21607379615306854 -0.002761780982837081 0.19404858350753784 0.07788177579641342 0.977891743183136
74.63333129882812 0.32127469778060913 -0.289436936378479 -0.10615357756614685 0.035101987421512604 0.19734138250350952 0.07736377418041229 0.9766472578048706
74.69999694824219 0.33480316400527954 -0.1939249187707901 -0.06366744637489319 0.0356740728020668 0.20047514140605927 0.06860893219709396 0.9766421318054199
74.73332977294922 0.33930590748786926 -0.13198308646678925 -0.04151776805520058 0.03318921849131584 0.2014210820198059 0.06546832621097565 0.9767506718635559
74.76667022705078 0.34373703598976135 -0.06317884474992752 -0.018139982596039772 0.02999887429177761 0.2013653814792633 0.06524144113063812 0.9768803715705872
74.80000305175781 0.3438868522644043 0.017782453447580338 0.005466670263558626 0.02816755138337612 0.2016894817352295 0.06402420997619629 0.9769489169120789
74.83333587646484 0.34607937932014465 0.10447105765342712 0.02956254407763481 0.02693452686071396 0.20123925805091858 0.0637076124548912 0.9770969152450562
74.96666717529297 0.3307007849216461 -0.010516425594687462 0.12403294444084167 0.028024155646562576 0.1992768943309784 0.06570838391780853 0.9773362278938293
