0.000000000 0.000000000 0.000000000 0.000000000 0.000000000 0.000000000 0.000000000 1.000000000
2.866666555 -0.077729225 -0.016331017 -0.244827509 0.006174810 -0.019369870 0.005673995 0.999776781
3.000000000 -0.153505936 -0.012359506 -0.519653797 -0.004016451 -0.036312874 0.017168522 0.999185205
3.200000048 -0.248580724 -0.013909311 -0.945340395 0.016637431 -0.058645636 0.021220330 0.997915983
3.733333349 -0.184923485 0.122109771 -0.705211341 0.001575738 -0.043274112 0.005523192 0.999047101
3.833333254 -0.137139827 0.143909559 -0.493847460 -0.006584301 -0.041946247 -0.000642560 0.999098361
4.400000095 -0.322415859 0.171963319 -1.106811047 0.017017946 -0.049763404 -0.007551821 0.998587847
5.000000000 -0.147090286 0.124352321 -0.658126533 -0.020534910 -0.058563091 -0.018214695 0.997906029
5.266666889 -0.050541073 0.149196804 -0.342923105 -0.007521444 -0.035321698 -0.018454498 0.999176919
5.566666603 -0.145171106 0.615897775 -0.442821205 -0.004765825 -0.009372597 0.003962205 0.999937296
5.666666508 -0.197833553 0.854473054 -0.471934319 0.008028827 0.000256227 0.017669562 0.999811351
5.733333111 -0.237987950 1.045658708 -0.479109526 0.016345961 0.007217151 0.021928560 0.999600291
5.900000095 -0.291846544 1.524239659 -0.444704413 0.020723565 0.025414739 0.020836081 0.999245286
6.199999809 -0.135744303 2.029151678 -0.406775206 0.013674883 0.092834607 0.039467629 0.994805932
7.599999905 0.084378228 0.375129879 -0.637511790 -0.018106319 0.066100225 0.022527033 0.997394204
7.733333111 0.015030517 0.292701900 -0.446182847 -0.042127844 0.063618310 0.016995847 0.996939361
8.500000000 0.352847993 0.280078620 -0.158008128 -0.028731678 0.084667742 0.036285799 0.995333493
14.166666985 0.427789599 0.276750654 -0.297381431 0.024165338 0.083995253 0.031807750 0.995666206
14.266666412 0.416357875 0.284264207 -0.437249780 0.016766477 0.082095601 0.030419270 0.996019125
14.333333015 0.406542301 0.289740264 -0.542136431 0.014537585 0.081254400 0.030319769 0.996126592
14.399999619 0.405472040 0.295113593 -0.632721007 0.012918041 0.079228841 0.030798521 0.996297598
15.433333397 1.211431742 0.099608272 -1.384449244 0.008454519 -0.072522201 -0.055697314 0.995774388
16.433332443 2.356626511 -1.596827984 -2.428095102 0.040793620 -0.255167127 -0.138125196 0.956111372
17.666666031 2.939853430 -4.125538349 -3.241918325 0.016750941 -0.427384347 -0.168685153 0.888036907
18.666666031 3.176413536 -6.678674221 -3.512418747 0.023090739 -0.530215502 -0.220382228 0.818396091
19.866666794 3.110502481 -10.162524223 -3.653834343 0.023222532 -0.577602625 -0.245974809 0.778030932
20.666666031 2.348849058 -13.402034760 -3.700936794 0.014084871 -0.649623990 -0.271615028 0.709941804
20.766666412 2.257962227 -13.830996513 -3.737024546 0.014303274 -0.651250064 -0.269154489 0.709383547
20.866666794 2.163786650 -14.251835823 -3.749763727 0.014787186 -0.653468013 -0.264130324 0.709223211
21.899999619 1.496314049 -18.454425812 -4.569749355 0.040275045 -0.680091918 -0.225713536 0.696353436
21.933332443 1.498475790 -18.569700241 -4.575942993 0.044136282 -0.682174981 -0.221189290 0.695531785
21.966667175 1.474978685 -18.695787430 -4.602192879 0.046383452 -0.682869792 -0.218018264 0.695705712
23.033332825 2.367342234 -22.033538818 -6.674281597 0.036615103 -0.575279474 -0.155382425 0.802228928
24.933332443 6.681676388 -19.033555984 -9.494124413 0.033178970 -0.529796422 -0.188462526 0.826255202
26.000000000 9.100165367 -16.662994385 -11.062583923 0.012406284 -0.526139617 -0.173234537 0.832473934
26.966667175 12.500848770 -15.336828232 -12.973831177 -0.005150732 -0.510604739 -0.223464474 0.830254734
27.833333969 15.723896980 -16.077062607 -14.616180420 0.030773014 -0.523014605 -0.205362245 0.826640964
28.233333588 17.098878860 -16.584152222 -14.941428185 0.035203617 -0.431726336 -0.149202034 0.888882637
28.500000000 18.010566711 -16.919305801 -14.932774544 0.034077849 -0.337269843 -0.085651271 0.936884999
28.799999237 18.950969696 -17.061573029 -15.073186874 0.053472895 -0.243906260 -0.040829469 0.967463553
29.166666031 19.644800186 -16.797304153 -15.210391045 0.034211487 -0.207654178 -0.067462191 0.975275815
29.399999619 20.078742981 -16.594133377 -15.184907913 0.034296431 -0.170690224 -0.059148066 0.982951641
29.533332825 20.249210358 -16.461200714 -15.195776939 0.036907855 -0.145885974 -0.048583973 0.987419128
29.933332443 20.527975082 -16.056701660 -15.258611679 0.037822027 -0.009276571 0.031592846 0.998742044
30.166666031 20.631076813 -15.714980125 -15.220049858 0.045171544 0.062236656 0.064568587 0.994945645
31.100000381 19.116052628 -12.933258057 -14.691806793 0.048884112 0.072421379 0.069295347 0.993762612
31.133333206 18.975784302 -12.825606346 -14.678906441 0.047708385 0.073164389 0.072601900 0.993529618
31.166666031 18.849414825 -12.697133064 -14.652212143 0.046976339 0.073985353 0.074927889 0.993330836
31.600000381 17.242824554 -10.784392357 -13.508545876 0.036044918 0.092550591 0.078341872 0.991967797
31.933332443 15.576248169 -9.008419037 -12.564992905 0.021142840 0.115733847 0.046684515 0.991958320
32.433334351 13.438292503 -6.652888298 -10.550555229 -0.010960558 0.107106075 0.046492688 0.993100524
33.366664886 11.330056190 -1.394682527 -6.218371391 0.015426137 0.061041851 0.008612756 0.997979939
35.400001526 10.343176842 0.472098321 -4.471511364 0.043144699 0.214396402 0.138769895 0.965875626
36.066665649 9.497828484 1.899899721 -3.664511919 0.025891097 0.362480313 0.181630969 0.913755774
36.400001526 8.872140884 2.846081734 -3.251377344 0.004821404 0.444633335 0.197387472 0.873680413
36.900001526 8.161179543 4.485650539 -2.929229498 -0.013674558 0.451816678 0.181497946 0.873345852
36.933334351 8.131929398 4.592770576 -2.921308517 -0.013913388 0.454273164 0.179860219 0.872405589
36.966667175 8.119897842 4.712575436 -2.906019211 -0.014469151 0.456024081 0.178069234 0.871850312
37.066665649 8.019827843 5.081882954 -2.915860653 -0.016033702 0.459540933 0.176519826 0.870292187
37.533332825 7.744178772 6.714308739 -3.088182211 0.048560571 0.576268196 0.226841286 0.783645868
37.733333588 7.593647480 7.365017414 -3.073408842 0.037625309 0.629151225 0.237191275 0.739252806
38.233333588 6.923352718 9.068525314 -2.975633621 0.015553158 0.631128311 0.257962257 0.731363177
38.700000763 6.136777878 10.914344788 -2.890891314 -0.017634612 0.625332117 0.240826398 0.742058694
39.099998474 5.668139935 12.854590416 -3.068644524 -0.035593364 0.635381579 0.213619739 0.741209209
39.466667175 5.714834690 14.684227943 -3.208618402 -0.003304167 0.634578884 0.216253102 0.741980195
39.833332062 5.978373528 16.368005753 -3.571750641 -0.013177209 0.634384394 0.212861970 0.743016005
40.233333588 6.532412529 18.052169800 -3.970532179 0.007017484 0.626982808 0.227636814 0.745001316
40.666667938 7.135055542 19.751533508 -4.217381001 -0.005338053 0.634428024 0.208749130 0.744243383
41.033332825 7.640748501 21.007987976 -4.582134247 0.023618778 0.623828530 0.214591458 0.751153171
41.133335114 7.773690701 21.307682037 -4.641138077 0.027341874 0.608956814 0.193791449 0.768681228
41.200000763 7.854941368 21.490560532 -4.668317318 0.018135017 0.588356197 0.183307692 0.787341893
41.333332062 8.035160065 21.812572479 -4.705776215 0.022005741 0.529894590 0.153559059 0.833754361
41.599998474 8.394355774 22.285911560 -4.687676430 0.031000337 0.382098258 0.119558468 0.915830374
43.000000000 9.242089272 23.749473572 -5.586493492 0.016754171 0.326322228 0.087065876 0.941090822
43.233333588 9.257733345 23.712451935 -6.013761997 0.003408763 0.327854723 0.092081830 0.940225303
43.533332825 9.310980797 23.574216843 -6.378249645 -0.009539915 0.328748375 0.097539172 0.939317405
43.566665649 9.310345650 23.574377060 -6.380964756 -0.009635211 0.328682631 0.097609848 0.939333439
44.033332825 9.556919098 23.244489670 -6.877560139 0.002855372 0.333717495 0.090347521 0.938330054
44.066665649 9.554685593 23.225557327 -6.925246716 0.010026451 0.333639264 0.088633962 0.938473105
45.500000000 9.627783775 20.660028458 -7.358583450 0.001575166 0.325445116 0.109559081 0.939191520
47.299999237 9.786059380 16.632188797 -7.201031685 0.011599342 0.307795584 0.116079181 0.944274902
48.866664886 9.461228371 12.535961151 -7.151964188 -0.032115333 0.304977864 0.134541944 0.942261755
50.866664886 11.027614594 12.092645645 -9.552506447 0.010402252 0.215520978 0.077457041 0.973366201
52.966667175 11.686209679 7.378611565 -11.171457291 0.005815360 0.258239955 0.020937746 0.965836287
53.566665649 12.664014816 2.161334753 -11.608501434 0.006200016 0.219581246 0.061495218 0.973633826
54.033332825 13.469025612 -2.613817215 -11.782718658 0.004318593 0.149132758 0.035280235 0.988178253
54.400001526 13.884058952 -6.064205647 -12.131047249 -0.008457772 0.077058703 0.007587873 0.996962547
54.866664886 14.547982216 -10.002405167 -12.315161705 -0.020238599 0.067410968 0.068592072 0.995160341
55.433334351 15.602261543 -13.256439209 -12.995757103 -0.041646399 0.076783568 0.023477165 0.995901465
55.766666412 16.914264679 -14.413960457 -13.468760490 -0.000567309 0.002004880 -0.009270893 0.999955535
56.266666412 18.097965240 -15.407375336 -14.174472809 0.068157844 -0.209769309 -0.075028770 0.972483337
56.333332062 18.150535583 -15.616431236 -14.255328178 0.095350452 -0.244983628 -0.061723098 0.962851822
56.400001526 18.193071365 -15.793808937 -14.311388969 0.104424208 -0.273246378 -0.061865352 0.954256713
56.500000000 18.266843796 -16.031732559 -14.374844551 0.103859983 -0.308513731 -0.078759193 0.942248046
56.566665649 18.189859390 -16.135789871 -14.445981026 0.097270474 -0.333743036 -0.085600287 0.933716595
56.700000763 17.986469269 -16.307769775 -14.573998451 0.089644298 -0.386487931 -0.086003065 0.913890600
56.833332062 17.767122269 -16.400243759 -14.616155624 0.059074629 -0.407687187 -0.115000486 0.903923869
56.933334351 17.592195511 -16.430999756 -14.607892036 0.031103780 -0.411723375 -0.131157070 0.901284099
57.633335114 16.053009033 -16.235269547 -13.924706459 0.049082052 -0.419722319 -0.160286054 0.892038524
58.099998474 14.327746391 -15.739782333 -13.258261681 0.007790231 -0.417392164 -0.166741490 0.893264174
59.033332825 10.611013412 -16.079111099 -11.881431580 0.010090379 -0.406253248 -0.184228152 0.894939184
59.500000000 8.662391663 -17.424737930 -10.715383530 0.018240569 -0.500694513 -0.189515397 0.844426811
60.333332062 7.119467258 -19.821319580 -8.713432312 0.049061358 -0.507575154 -0.176308930 0.841947913
61.966667175 6.329301834 -20.346548080 -5.210255146 0.049564760 -0.512904167 -0.160629407 0.841826558
63.833332062 5.228162289 -15.350861549 -3.401960373 0.046752468 -0.479089409 -0.162320152 0.861359000
64.500000000 4.617625237 -13.123149872 -2.701187611 0.014590165 -0.353417426 -0.104208685 0.929529428
64.866668701 4.196638107 -11.872161865 -2.902276993 0.024976801 -0.193657592 -0.061016206 0.978851020
65.333335876 3.956060886 -10.150978088 -3.093344212 0.029464222 -0.069379091 -0.008316124 0.997120380
65.733329773 3.905977488 -8.755881310 -2.752524137 0.013196301 0.033330463 0.036080815 0.998705745
67.066665649 5.087295532 -4.423566818 -3.264667273 0.000591559 0.044424530 0.011536717 0.998946607
67.733329773 6.588130951 -2.778000355 -4.200152874 0.024971414 0.196716204 0.092088059 0.975807071
72.333335876 1.479040623 0.908246040 -1.564231992 0.011160768 0.186444387 0.072773784 0.979702652
73.400001526 0.144689918 0.720782042 -0.699692607 -0.002026473 0.193462193 0.063973516 0.979018390
73.566665649 0.032663696 0.650934994 -0.604867220 -0.002705324 0.192845955 0.068714395 0.978816807
73.699996948 -0.009902176 0.566783190 -0.587040365 0.019416777 0.188449189 0.085866831 0.978129029
73.866668701 -0.066637114 0.509801269 -0.507188976 0.018656744 0.190347269 0.081986561 0.978109300
73.933334351 -0.084819563 0.497198373 -0.444186389 0.018429058 0.193126023 0.075847544 0.978064477
74.066665649 -0.136110067 0.474549055 -0.351645529 0.015142951 0.195551097 0.066235900 0.978337169
74.366668701 -0.216073796 0.337525338 -0.297493190 -0.002761781 0.194048584 0.077881776 0.977891743
74.633331299 -0.106153578 0.321274698 -0.289436936 0.035101987 0.197341383 0.077363774 0.976647258
74.699996948 -0.063667446 0.334803164 -0.193924919 0.035674073 0.200475141 0.068608932 0.976642132
74.733329773 -0.041517768 0.339305907 -0.131983086 0.033189218 0.201421082 0.065468326 0.976750672
74.766670227 -0.018139983 0.343737036 -0.063178845 0.029998874 0.201365381 0.065241441 0.976880372
74.800003052 0.005466670 0.343886852 0.017782453 0.028167551 0.201689482 0.064024210 0.976948917
74.833335876 0.029562544 0.346079379 0.104471058 0.026934527 0.201239258 0.063707612 0.977096915
74.966667175 0.124032944 0.330700785 -0.010516426 0.028024156 0.199276894 0.065708384 0.977336228
