0.0 0.0 0.0 0.0 0.0 0.0 0.0 1.0
2.8333332538604736 -0.017586661502718925 -0.17196790874004364 0.11159206181764603 -0.008989542722702026 -0.006565272342413664 0.000778496265411377 0.9999378323554993
2.933333396911621 -0.00648148451000452 -0.3079465925693512 0.2840356230735779 -0.025105739012360573 -0.021264035254716873 0.011339984834194183 0.9993947744369507
3.0333333015441895 -0.037948403507471085 -0.38353535532951355 0.4744188189506531 -0.03788528963923454 -0.018290864303708076 0.021788977086544037 0.9988767504692078
3.133333444595337 -0.0717279314994812 -0.49855154752731323 0.7469976544380188 -0.03508928790688515 -0.024618519470095634 0.011346336454153061 0.999016523361206
3.700000047683716 0.009035968221724033 -0.4105198085308075 0.7793797850608826 -0.031245294958353043 -0.015010936185717583 0.006688233930617571 0.9993765950202942
3.7333333492279053 0.020664148032665253 -0.3751989006996155 0.7174770832061768 -0.0330570824444294 -0.01942291669547558 0.005017254967242479 0.9992522597312927
3.7666666507720947 0.021704131737351418 -0.3597615957260132 0.7135595083236694 -0.03825495019555092 -0.01780940406024456 0.002953649265691638 0.9991052150726318
3.799999952316284 0.019884316250681877 -0.3323371410369873 0.7332419753074646 -0.04111216962337494 -0.01591579243540764 0.0011045547435060143 0.9990273714065552
3.8333332538604736 0.02706979773938656 -0.303781121969223 0.7431457042694092 -0.0410279780626297 -0.0180412195622921 -0.0006229893187992275 0.9989948272705078
3.9000000953674316 0.05231497809290886 -0.2350667119026184 0.776114284992218 -0.04198614880442619 -0.025684280321002007 -0.00935702957212925 0.9987443089485168
4.233333110809326 0.20382089912891388 -0.34301283955574036 -0.17301349341869354 -0.010961396619677544 -0.04863167181611061 -0.004793660715222359 0.9987451434135437
5.0333333015441895 0.26739177107810974 -0.27844229340553284 -0.3153682053089142 -0.019241299480199814 -0.04982657730579376 -0.003415730781853199 0.9985666871070862
5.5 0.45494160056114197 -0.20514054596424103 -0.6571687459945679 0.004806758835911751 -0.020275207236409187 0.011330942623317242 0.9997187256813049
5.566666603088379 0.5510163903236389 -0.23803260922431946 -0.6010311245918274 0.00446024164557457 -0.017889143899083138 0.019072087481617928 0.9996480941772461
5.633333206176758 0.654003381729126 -0.2535150945186615 -0.6556361317634583 0.01117701269686222 -0.014519958756864071 0.030006168410182 0.9993817806243896
5.699999809265137 0.7744297385215759 -0.2621546983718872 -0.7437766790390015 0.018055206164717674 -0.012157304212450981 0.03731527179479599 0.9990664720535278
5.733333110809326 0.8432574272155762 -0.26038169860839844 -0.71324223279953 0.02001287043094635 -0.012210467830300331 0.0376642607152462 0.9990155100822449
5.766666889190674 0.9185018539428711 -0.2523682117462158 -0.6427795886993408 0.021788163110613823 -0.012246561236679554 0.03696053847670555 0.9990041255950928
5.800000190734863 1.0055198669433594 -0.2383718490600586 -0.5911085605621338 0.023740563541650772 -0.01291224267333746 0.035605624318122864 0.9990004897117615
5.833333492279053 1.0853179693222046 -0.21732817590236664 -0.5180426836013794 0.02515300363302231 -0.011556846089661121 0.033843666315078735 0.9990437626838684
5.866666793823242 1.1603405475616455 -0.20249903202056885 -0.47709423303604126 0.025347379967570305 -0.010807870887219906 0.032885149121284485 0.9990792274475098
6.0 1.651924729347229 -0.08471956849098206 -2.4199116230010986 0.016713663935661316 -0.004644907545298338 0.04331168159842491 0.9989110827445984
6.166666507720947 1.8567248582839966 -0.30066898465156555 -3.7119340896606445 0.010025786235928535 0.021384652704000473 0.05673014745116234 0.9981102347373962
7.166666507720947 1.049760103225708 -0.408136248588562 -3.6173529624938965 0.01479333359748125 0.009044582024216652 0.04953913763165474 0.9986216425895691
7.633333206176758 1.0230196714401245 -0.23996682465076447 -4.101644992828369 -0.010524788871407509 0.01666252687573433 0.026159919798374176 0.9994634985923767
7.699999809265137 1.004569411277771 -0.2057943046092987 -4.083855628967285 -0.021366525441408157 0.018754862248897552 0.02391255833208561 0.9993097186088562
7.733333110809326 0.9949472546577454 -0.1872919499874115 -4.092759132385254 -0.02292770706117153 0.01852300576865673 0.021403124555945396 0.9993363618850708
7.933333396911621 0.961371123790741 -0.10421440750360489 -4.102008819580078 0.0034362743608653545 0.021404903382062912 0.02983122691512108 0.999319851398468
8.233333587646484 0.970880389213562 -0.08427947014570236 -4.02017879486084 0.005752685945481062 0.019502421841025352 0.03795841336250305 0.9990724325180054
13.966666221618652 0.9912580847740173 -0.087919220328331 -3.9455044269561768 0.0417565256357193 0.018554406240582466 0.039196379482746124 0.9981862306594849
14.033333778381348 0.985883891582489 -0.10564826428890228 -3.9230260848999023 0.04181826487183571 0.021475927904248238 0.042338863015174866 0.9979967474937439
14.066666603088379 0.9830602407455444 -0.12628446519374847 -3.862553596496582 0.036408960819244385 0.024665070697665215 0.04115995392203331 0.9981843829154968
14.100000381469727 0.9810444712638855 -0.1439356803894043 -3.8531367778778076 0.037823669612407684 0.025604424998164177 0.03936847671866417 0.9981803297996521
14.133333206176758 0.9772657155990601 -0.167090505361557 -3.850724220275879 0.03783179447054863 0.02660578116774559 0.042128272354602814 0.9980411529541016
14.166666984558105 0.9685347080230713 -0.1871437132358551 -3.856463670730591 0.03655335679650307 0.0283203162252903 0.04190034419298172 0.9980512261390686
14.199999809265137 0.9683400392532349 -0.21041660010814667 -3.8538625240325928 0.03410886973142624 0.02980603277683258 0.0424453429877758 0.9980714917182922
14.233333587646484 0.9665234684944153 -0.23241935670375824 -3.8523380756378174 0.032117992639541626 0.03073808178305626 0.04264592006802559 0.9981006383895874
14.266666412353516 0.9701941609382629 -0.25787660479545593 -3.817288637161255 0.02648906596004963 0.030211949720978737 0.04158298671245575 0.9983268976211548
14.733333587646484 1.013098120689392 -0.343558669090271 -4.922240734100342 0.011725240387022495 0.02161293849349022 0.036228541284799576 0.999040961265564
14.866666793823242 0.9989850521087646 -0.4258703291416168 -4.203224182128906 0.02561580389738083 0.023989850655198097 0.03290141373872757 0.9988422393798828
15.166666984558105 1.0199775695800781 -0.32719409465789795 -5.668511867523193 0.04290718585252762 -0.01900659129023552 -0.008629302494227886 0.9988610148429871
16.066667556762695 0.16417929530143738 -1.2339787483215332 -4.029636859893799 0.030310826376080513 -0.10957088321447372 -0.07863499969244003 0.990399956703186
16.633333206176758 -0.23432466387748718 -1.3244948387145996 -4.861672401428223 0.04139472916722298 -0.1521855592727661 -0.11788821220397949 0.9804226160049438
17.46666717529297 -0.9039245247840881 -1.2522324323654175 -5.442061901092529 0.05060619115829468 -0.21736766397953033 -0.1669437289237976 0.9603750705718994
18.46666717529297 -2.4232985973358154 -1.5698331594467163 -3.4648993015289307 0.0527997724711895 -0.25708818435668945 -0.19268719851970673 0.94551020860672
18.66666603088379 -1.9487682580947876 -1.630237340927124 -3.915682315826416 0.059524718672037125 -0.2932170033454895 -0.2244938611984253 0.9274066686630249
19.600000381469727 -4.484336853027344 -1.7923593521118164 -1.1198128461837769 0.059562429785728455 -0.3154752552509308 -0.24586768448352814 0.9145910143852234
20.5 -5.067040920257568 -1.842307448387146 -0.7604582905769348 0.062004175037145615 -0.37506064772605896 -0.2718375027179718 0.8840755224227905
21.53333282470703 -8.601784706115723 -2.323307991027832 1.2526450157165527 0.040700268000364304 -0.35791346430778503 -0.27794381976127625 0.8904991149902344
22.5 -8.669544219970703 -3.158895254135132 0.43254274129867554 0.030980413779616356 -0.2933410108089447 -0.2083451896905899 0.9325146675109863
22.600000381469727 -8.320591926574707 -3.2578134536743164 -0.011420663446187973 0.03691336512565613 -0.2794826328754425 -0.20539896190166473 0.9371970295906067
24.03333282470703 -7.83278226852417 -5.140810489654541 2.5946035385131836 0.00856234785169363 -0.3355444371700287 -0.24189801514148712 0.9103966951370239
25.299999237060547 -4.930391311645508 -6.391317367553711 2.399507522583008 -0.023097747936844826 -0.3573943078517914 -0.22965070605278015 0.9049842357635498
26.200000762939453 -3.406151056289673 -7.587178707122803 3.919705629348755 -0.05347205325961113 -0.41728129982948303 -0.21961218118667603 0.8802201747894287
26.733333587646484 -2.4406521320343018 -8.454106330871582 5.592402935028076 -0.0753885880112648 -0.47196394205093384 -0.23628607392311096 0.8460115194320679
27.200000762939453 -2.5749635696411133 -9.061676979064941 7.306638717651367 -0.1139192059636116 -0.5101415514945984 -0.23189562559127808 0.8203672170639038
27.633333206176758 -3.494860887527466 -9.165783882141113 8.87664794921875 -0.10976959764957428 -0.5382945537567139 -0.2547430098056793 0.7957987785339355
28.03333282470703 -3.177493095397949 -9.54522705078125 9.336946487426758 -0.12376189231872559 -0.5332810282707214 -0.24049274623394012 0.8015344738960266
28.133333206176758 -2.9022555351257324 -9.829742431640625 9.226773262023926 -0.13288775086402893 -0.5142120718955994 -0.2371252477169037 0.8134484887123108
28.200000762939453 -3.314438581466675 -9.600603103637695 9.506477355957031 -0.12886890769004822 -0.5033153295516968 -0.23310840129852295 0.8220261931419373
28.299999237060547 -3.1850600242614746 -9.738492965698242 9.534210205078125 -0.13417334854602814 -0.48070818185806274 -0.21253545582294464 0.840086817741394
28.366666793823242 -3.5750999450683594 -9.532339096069336 9.816906929016113 -0.13531126081943512 -0.4658375382423401 -0.20848408341407776 0.8492470979690552
28.433332443237305 -3.7333219051361084 -9.43320369720459 9.95460033416748 -0.14044174551963806 -0.449884295463562 -0.1967700570821762 0.8597451448440552
28.5 -3.7738311290740967 -9.424530982971191 10.002427101135254 -0.14261946082115173 -0.435337632894516 -0.18911676108837128 0.8685480952262878
28.566667556762695 -3.8415417671203613 -9.391417503356934 10.095404624938965 -0.14353182911872864 -0.42117953300476074 -0.1817307472229004 0.8769153356552124
28.633333206176758 -3.809260845184326 -9.395363807678223 10.106547355651855 -0.13896296918392181 -0.4070507884025574 -0.17527182400226593 0.8855950832366943
28.700000762939453 -3.896247386932373 -9.350495338439941 10.203376770019531 -0.1366269886493683 -0.39082494378089905 -0.16956481337547302 0.8943358659744263
28.799999237060547 -3.8982293605804443 -9.350017547607422 10.226094245910645 -0.13141106069087982 -0.3716164827346802 -0.15837553143501282 0.9052897095680237
28.899999618530273 -4.050592422485352 -9.248451232910156 10.44493293762207 -0.13350316882133484 -0.3587104082107544 -0.16753430664539337 0.9085351228713989
29.03333282470703 -4.118404865264893 -9.171721458435059 10.619011878967285 -0.13436421751976013 -0.3502054214477539 -0.1860169768333435 0.9081300497055054
29.299999237060547 -3.6679093837738037 -9.397645950317383 10.6389799118042 -0.13735392689704895 -0.35091692209243774 -0.18760289251804352 0.9070813059806824
29.433332443237305 -3.290679693222046 -9.71566104888916 10.276172637939453 -0.13834819197654724 -0.3329137861728668 -0.18191584944725037 0.9148414134979248
29.566667556762695 -3.187974214553833 -9.741033554077148 10.208818435668945 -0.13346129655838013 -0.3128355145454407 -0.17260922491550446 0.924406886100769
29.733333587646484 -2.6257779598236084 -10.144523620605469 9.687983512878418 -0.1415139138698578 -0.28056082129478455 -0.14089936017990112 0.9388327598571777
29.933332443237305 -2.8941991329193115 -9.667866706848145 10.573101997375488 -0.13127455115318298 -0.22758309543132782 -0.11056549847126007 0.9585134983062744
30.266666412353516 -2.497593641281128 -9.53620433807373 11.435949325561523 -0.12040220201015472 -0.19943490624427795 -0.07840349525213242 0.9693202972412109
31.366666793823242 -0.49789121747016907 -9.400126457214355 13.178008079528809 -0.13306677341461182 -0.272042840719223 -0.06296034157276154 0.9509584903717041
31.633333206176758 0.9483477473258972 -9.764578819274902 12.119063377380371 -0.1324843019247055 -0.2743655741214752 -0.06980988383293152 0.9498936533927917
31.899999618530273 2.7547109127044678 -10.10313892364502 11.294198989868164 -0.1271105855703354 -0.29127925634384155 -0.09021212160587311 0.9438544511795044
32.233333587646484 4.372346878051758 -9.936837196350098 11.158483505249023 -0.12159641832113266 -0.312044233083725 -0.07884310185909271 0.9389496445655823
32.56666564941406 6.241415023803711 -9.847060203552246 10.443614959716797 -0.14549240469932556 -0.3278055787086487 -0.08504856377840042 0.9295925498008728
33.06666564941406 7.245090007781982 -8.56668472290039 11.840152740478516 -0.1049453467130661 -0.3557627201080322 -0.07187045365571976 0.9258801341056824
35.20000076293945 10.174906730651855 -7.577371120452881 12.675869941711426 -0.12022576481103897 -0.35753199458122253 0.04419431462883949 0.9250748157501221
36.233333587646484 12.398597717285156 -6.058553218841553 15.70840072631836 -0.14344851672649384 -0.2799023389816284 0.10444309562444687 0.9434875845909119
36.66666793823242 13.15831470489502 -5.7650322914123535 16.7457332611084 -0.1481764316558838 -0.27885332703590393 0.08664251863956451 0.9448691606521606
37.099998474121094 13.421931266784668 -5.667581081390381 17.699872970581055 -0.14544092118740082 -0.2788998484611511 0.07758180052042007 0.9460670948028564
37.43333435058594 13.837431907653809 -5.7999587059021 17.993988037109375 -0.13668042421340942 -0.21529364585876465 0.15342383086681366 0.9546875953674316
37.56666564941406 13.913371086120605 -5.80276346206665 18.10080909729004 -0.1502036154270172 -0.18000243604183197 0.16856032609939575 0.9574055671691895
37.63333511352539 13.890626907348633 -5.775427341461182 18.2269229888916 -0.15562906861305237 -0.16218329966068268 0.17063891887664795 0.9593532085418701
37.70000076293945 13.918498992919922 -5.773754596710205 18.23117446899414 -0.15455155074596405 -0.15002062916755676 0.17334844172000885 0.9610192179679871
38.0 13.999480247497559 -5.72515869140625 18.697141647338867 -0.17067351937294006 -0.1309732347726822 0.16422317922115326 0.9626772403717041
38.36666488647461 13.992526054382324 -5.4786248207092285 19.685441970825195 -0.17978022992610931 -0.14397647976875305 0.16182932257652283 0.9595630764961243
38.79999923706055 14.134210586547852 -5.4411725997924805 20.677316665649414 -0.17825216054916382 -0.15025050938129425 0.14214971661567688 0.96200031042099
39.29999923706055 14.067538261413574 -5.4619975090026855 21.749622344970703 -0.1618182212114334 -0.14645801484584808 0.13707539439201355 0.966217041015625
39.79999923706055 13.880868911743164 -5.606359958648682 22.441471099853516 -0.16077598929405212 -0.14705497026443481 0.13675080239772797 0.966346263885498
40.33333206176758 13.57710075378418 -5.793872833251953 22.98876953125 -0.1567072868347168 -0.14875519275665283 0.16253183782100677 0.9627555012702942
40.96666717529297 13.094293594360352 -5.9014997482299805 23.934160232543945 -0.15472638607025146 -0.1468537449836731 0.1628335416316986 0.9633167386054993
41.20000076293945 13.083391189575195 -5.957053184509277 23.849716186523438 -0.12315363436937332 -0.19173352420330048 0.140039324760437 0.9635664820671082
41.36666488647461 13.005511283874512 -5.920630931854248 23.953468322753906 -0.09336721897125244 -0.25308293104171753 0.11628909409046173 0.9558810591697693
41.5 12.92348575592041 -5.888875484466553 24.0042781829834 -0.07304074615240097 -0.31052011251449585 0.09790149331092834 0.9426863789558411
41.70000076293945 13.00613784790039 -5.849377632141113 23.8886661529541 -0.07298394292593002 -0.3599207401275635 0.09292881935834885 0.9254699349403381
43.733333587646484 12.767128944396973 -6.4922332763671875 24.184062957763672 -0.08035741746425629 -0.36646175384521484 0.06132906675338745 0.9249255657196045
44.36666488647461 12.907649993896484 -6.738568305969238 23.556903839111328 -0.06053287163376808 -0.3553682863712311 0.0652930811047554 0.9304762482643127
44.599998474121094 12.677350997924805 -6.820227146148682 23.53596305847168 -0.08724458515644073 -0.3503473103046417 0.06525663286447525 0.9302616715431213
45.733333587646484 12.46236515045166 -7.23462438583374 22.042524337768555 -0.08899858593940735 -0.30948877334594727 0.0516139380633831 0.9453211426734924
47.03333282470703 10.961714744567871 -6.886157035827637 21.540592193603516 -0.0849837139248848 -0.27144089341163635 0.05721475929021835 0.9569870829582214
48.733333587646484 10.000936508178711 -6.9209089279174805 19.611888885498047 -0.10424074530601501 -0.22991910576820374 0.04892074316740036 0.9663735628128052
50.16666793823242 11.084724426269531 -7.471348762512207 17.29595184326172 -0.07632682472467422 -0.2862638533115387 0.024079913273453712 0.9548022747039795
52.70000076293945 8.984137535095215 -8.118921279907227 18.382366180419922 -0.04938407987356186 -0.2609299421310425 -0.06772560626268387 0.9617120623588562
53.33333206176758 6.917085647583008 -8.452061653137207 16.650381088256836 -0.06362102180719376 -0.19716036319732666 -0.05992584675550461 0.9764677286148071
53.96666717529297 2.8860702514648438 -8.30991268157959 14.574841499328613 -0.079415462911129 -0.0840221494436264 -0.0462685152888298 0.9922160506248474
54.33333206176758 1.0847973823547363 -8.415114402770996 13.02892780303955 -0.08449830114841461 -0.08136431872844696 -0.08851710706949234 0.989143431186676
54.66666793823242 -0.427108496427536 -8.040176391601562 13.181842803955078 -0.08115629106760025 -0.04678824171423912 -0.07455302774906158 0.9928073883056641
55.03333282470703 -2.028719425201416 -7.728682518005371 13.396844863891602 -0.09379080682992935 0.004604366607964039 -0.04026135057210922 0.9947668313980103
55.33333206176758 -2.7761261463165283 -7.5815749168396 13.953409194946289 -0.10301986336708069 0.02705024927854538 -0.09031805396080017 0.9902008771896362
55.56666564941406 -3.2847957611083984 -7.636692523956299 13.169859886169434 -0.07410838454961777 0.02584932930767536 -0.1170150563120842 0.9900239109992981
55.83333206176758 -3.8313450813293457 -7.552406311035156 13.530390739440918 -0.057802483439445496 -0.009884490631520748 -0.15171660482883453 0.9866829514503479
56.20000076293945 -4.389939308166504 -7.49868106842041 13.826119422912598 -0.04226415604352951 -0.06422273069620132 -0.18557068705558777 0.9796186089515686
56.233333587646484 -4.418184757232666 -7.489616394042969 13.970611572265625 -0.033986154943704605 -0.07880105078220367 -0.17621877789497375 0.9806030988693237
56.29999923706055 -4.398554801940918 -7.531693458557129 13.638285636901855 -0.015796953812241554 -0.09734394401311874 -0.1593756377696991 0.9822800755500793
56.33333206176758 -4.430957317352295 -7.545166969299316 13.779386520385742 -0.013783957809209824 -0.10959372669458389 -0.15391787886619568 0.9818902611732483
56.36666488647461 -4.453568935394287 -7.546243667602539 13.838425636291504 -0.01147785596549511 -0.11826834827661514 -0.15199588239192963 0.9812125563621521
56.43333435058594 -4.479970455169678 -7.540258407592773 13.811262130737305 -0.009502856992185116 -0.13275296986103058 -0.1545148342847824 0.9789849519729614
56.5 -4.614388942718506 -7.545803546905518 13.706475257873535 -0.0127212293446064 -0.13814188539981842 -0.16490115225315094 0.9765052795410156
56.56666564941406 -4.5809502601623535 -7.622913837432861 13.600438117980957 -0.02075611986219883 -0.1545444279909134 -0.16691260039806366 0.9735633134841919
56.63333511352539 -4.49532413482666 -7.7230329513549805 13.38748836517334 -0.028189972043037415 -0.17244181036949158 -0.1616862416267395 0.971250057220459
56.70000076293945 -4.52421236038208 -7.737613201141357 13.339831352233887 -0.027780819684267044 -0.18375453352928162 -0.1595195233821869 0.9695442914962769
56.766666412353516 -4.6943159103393555 -7.71047306060791 13.679387092590332 -0.03287213668227196 -0.19234110414981842 -0.16820865869522095 0.9662453532218933
56.83333206176758 -4.666813373565674 -7.771159648895264 13.599397659301758 -0.053193360567092896 -0.1961546093225479 -0.17891453206539154 0.9626439809799194
57.63333511352539 -4.875827312469482 -7.537848949432373 13.218988418579102 -0.060061000287532806 -0.18848712742328644 -0.2213023602962494 0.9549295902252197
58.03333282470703 -4.705089569091797 -7.554109573364258 12.083151817321777 -0.07946570217609406 -0.17814472317695618 -0.21896378695964813 0.9560359120368958
58.599998474121094 -4.886945724487305 -7.440631866455078 11.551048278808594 -0.051737938076257706 -0.17138494551181793 -0.28572335839271545 0.9414417147636414
58.96666717529297 -5.065986633300781 -7.158728122711182 10.157854080200195 -0.055725112557411194 -0.14710021018981934 -0.264881432056427 0.9513643980026245
59.36666488647461 -5.832718372344971 -6.549739360809326 9.475015640258789 -0.06797897070646286 -0.1563817262649536 -0.2884534001350403 0.9421880841255188
59.733333587646484 -6.65776252746582 -6.081547737121582 9.874391555786133 -0.053024373948574066 -0.16597284376621246 -0.2994097173213959 0.9380806088447571
61.0 -7.868488311767578 -4.189882278442383 10.319151878356934 -0.01428211946040392 -0.1137988492846489 -0.2947746217250824 0.9486589431762695
63.33333206176758 -6.242849826812744 -2.191575288772583 10.758334159851074 0.07223588228225708 -0.13019050657749176 -0.2997360825538635 0.9423326253890991
64.30000305175781 -4.789987564086914 -1.4058233499526978 7.3505706787109375 0.09301348775625229 -0.06589871644973755 -0.2417885661125183 0.9636099338531494
64.66666412353516 -4.448329925537109 -1.369014859199524 6.592037677764893 0.08663801848888397 -0.015031985007226467 -0.177632674574852 0.9801605343818665
65.03333282470703 -3.720783233642578 -1.3592898845672607 4.637199401855469 0.10639829933643341 0.040944188833236694 -0.15106602013111115 0.981927752494812
65.43333435058594 -2.5335638523101807 -1.993521809577942 5.547756671905518 0.10594087094068527 0.050196435302495956 -0.11950674653053284 0.9858879446983337
65.76667022705078 -2.13331937789917 -1.8456567525863647 5.0363898277282715 0.10671976208686829 0.09571094065904617 -0.08378931879997253 0.986118495464325
66.5 -0.1280622035264969 -2.7296202182769775 7.04718542098999 0.08057356625795364 0.05742397531867027 -0.11028816550970078 0.9889625906944275
67.43333435058594 0.6606979370117188 -3.209681749343872 6.143974304199219 0.11005086451768875 0.08886345475912094 -0.07610006630420685 0.9870161414146423
69.76667022705078 4.040931224822998 -4.158997535705566 7.922277450561523 0.13896043598651886 0.03991861641407013 -0.04234372824430466 0.9885866641998291
71.83333587646484 4.678762912750244 -2.961582899093628 5.871726989746094 0.11988216638565063 0.02464372105896473 -0.03772176057100296 0.9917650818824768
73.73332977294922 5.262652397155762 -2.2964656352996826 5.484681129455566 0.13128185272216797 0.020241864025592804 -0.02896404266357422 0.9907151460647583
74.0 5.275312900543213 -2.212501049041748 5.358648300170898 0.1340867131948471 0.019999025389552116 -0.039560507982969284 0.9899777173995972
74.53333282470703 5.23524284362793 -2.161850929260254 5.193162441253662 0.13344857096672058 0.0034885434433817863 -0.0032744971103966236 0.9910441637039185
74.69999694824219 5.249279499053955 -2.1374337673187256 5.209803104400635 0.14901287853717804 0.00362304225564003 -0.01525473315268755 0.9887109398841858
74.73332977294922 5.2422661781311035 -2.1378018856048584 5.243457317352295 0.14551706612110138 0.012486952356994152 -0.0182424858212471 0.9891088008880615
74.76667022705078 5.241768836975098 -2.1325602531433105 5.237741470336914 0.1427946239709854 0.013048440217971802 -0.020270872861146927 0.9894586801528931
74.80000305175781 5.234676837921143 -2.117725372314453 5.221608638763428 0.14001353085041046 0.011891177855432034 -0.01873033121228218 0.9899010062217712
74.93333435058594 5.224084854125977 -2.1126089096069336 5.208764553070068 0.14684024453163147 0.005958601366728544 0.011901531368494034 0.98907071352005
75.03333282470703 5.217644214630127 -2.128854513168335 5.237847328186035 0.1422848254442215 -0.002562440698966384 0.017010508105158806 0.989676296710968
