1775327217.545787811 0.000000000 0.000000000 0.000000000 0.000000000 0.000000000 0.000000000 1.000000000
1775327229.945620537 -0.874885380 0.430099547 -0.875272155 0.011303732 0.223538801 0.082215846 0.971155524
1775327231.978926420 -0.712557256 0.512161672 -0.774090946 -0.016278060 0.356911033 0.152495041 0.921463311
1775327237.245522261 -0.281038553 -0.042109966 0.938096106 -0.054081872 0.733050883 0.313995361 0.600931644
1775327242.912112474 -0.287908792 -0.218955949 0.580626011 -0.064551301 0.774687827 0.414948076 0.472768992
1775327245.378745794 0.778337359 0.193693325 0.152229577 -0.057377007 0.798330486 0.538990736 0.262423426
1775327252.578648806 -0.047601447 -0.364950866 0.398350567 -0.070887558 0.831265867 0.494242311 0.244328111
1775327263.578500509 -0.030128002 -0.435154736 0.802499771 -0.024858663 0.887985766 0.458461434 0.026004642
1775327265.678472042 -0.216290668 -0.421799988 0.449269384 -0.011870990 0.895298541 0.437941641 -0.080662049
1775327269.211757660 -0.367088139 0.058831502 -0.476139665 -0.001004177 0.861171663 0.476606697 -0.176715776
1775327270.845069170 -0.749408364 0.099771462 -0.646938503 -0.004564427 0.864784956 0.501109123 -0.031867336
1775327270.878401995 -0.740514815 0.058892310 -0.618930757 -0.003809314 0.865474880 0.499826044 -0.033350721
1775327270.945067644 -0.776012361 0.307244658 -0.802215219 -0.005055617 0.861095071 0.507650018 -0.027941728
1775327271.678391218 -0.865130723 0.379611254 -0.880717754 -0.020945339 0.867715895 0.496601224 -0.004218707
1775327277.911640406 0.044888519 -0.151684240 -0.652304113 0.017259073 0.840982378 0.461801320 -0.281407148
1775327282.778241396 0.655650079 0.488887668 -0.814232528 -0.075536445 0.810449064 0.291338354 -0.502582550
1775327292.511443615 0.206621930 0.349992722 -0.896886826 -0.116669722 0.804405332 0.237639382 -0.531834304
1775327300.544668674 -0.844031394 0.528442264 -1.512216091 -0.116501234 0.682850480 0.214953303 -0.688431501
1775327302.344644308 -1.203824162 0.396512717 -1.105608225 -0.111649372 0.632704377 0.227266043 -0.731826365
1775327307.044580936 -1.277213454 0.578550398 -1.393629074 -0.059711326 0.461390376 0.213266417 -0.859111071
1775327315.911128044 -1.046296239 -0.773279309 0.894082546 -0.039990932 0.841147602 0.344097137 -0.415293813
1775327318.711090326 -2.166014433 -0.584599078 0.818558753 -0.018046958 0.941577137 0.302971780 -0.145994172
1775327323.011032343 -1.792662740 -0.737296343 0.726869583 0.000916891 0.940513611 0.338941514 -0.023493545
