0.0 0.0 0.0 0.0 0.0 0.0 0.0 1.0
12.399832791909285 -0.8748853802680969 0.4300995469093323 -0.8752721548080444 0.011303732171654701 0.22353880107402802 0.08221584558486938 0.9711555242538452
14.433138706711613 -0.7125572562217712 0.5121616721153259 -0.7740909457206726 -0.016278060153126717 0.3569110333919525 0.15249504148960114 0.9214633107185364
19.699734354888136 -0.2810385525226593 -0.04210996627807617 0.9380961060523987 -0.05408187210559845 0.7330508828163147 0.313995361328125 0.6009316444396973
25.366324609255283 -0.28790879249572754 -0.21895594894886017 0.5806260108947754 -0.06455130130052567 0.7746878266334534 0.41494807600975037 0.47276899218559265
27.832958014097454 0.7783373594284058 0.19369332492351532 0.15222957730293274 -0.057377006858587265 0.7983304858207703 0.5389907360076904 0.26242342591285706
35.03286092552865 -0.04760144650936127 -0.36495086550712585 0.3983505666255951 -0.07088755816221237 0.8312658667564392 0.4942423105239868 0.244328111410141
46.03271259577076 -0.030128002166748047 -0.4351547360420227 0.8024997711181641 -0.024858662858605385 0.8879857659339905 0.4584614336490631 0.026004642248153687
48.132684278271526 -0.2162906676530838 -0.42179998755455017 0.4492693841457367 -0.011870989575982094 0.8952985405921936 0.43794164061546326 -0.08066204935312271
51.665969966288685 -0.3670881390571594 0.05883150175213814 -0.4761396646499634 -0.001004176796413958 0.8611716628074646 0.47660669684410095 -0.17671577632427216
53.299281274900395 -0.7494083642959595 0.09977146238088608 -0.6469385027885437 -0.004564426839351654 0.8647849559783936 0.5011091232299805 -0.031867336481809616
53.332614158749614 -0.7405148148536682 0.05889230966567993 -0.6189307570457458 -0.003809313988313079 0.8654748797416687 0.499826043844223 -0.03335072100162506
53.399279926448045 -0.7760123610496521 0.3072446584701538 -0.8022152185440063 -0.0050556170754134655 0.8610950708389282 0.5076500177383423 -0.02794172801077366
54.132603371130855 -0.8651307225227356 0.3796112537384033 -0.8807177543640137 -0.020945338532328606 0.8677158951759338 0.4966012239456177 -0.004218707326799631
60.36585265093471 0.04488851875066757 -0.1516842395067215 -0.6523041129112244 0.01725907251238823 0.8409823775291443 0.46180132031440735 -0.2814071476459503
65.23245369292061 0.6556500792503357 0.4888876676559448 -0.8142325282096863 -0.07553644478321075 0.8104490637779236 0.29133835434913635 -0.5025825500488281
74.96565577689242 0.2066219300031662 0.3499927222728729 -0.8968868255615234 -0.11666972190141678 0.8044053316116333 0.237639382481575 -0.5318343043327332
82.99888078455407 -0.8440313935279846 0.5284422636032104 -1.5122160911560059 -0.11650123447179794 0.6828504800796509 0.21495330333709717 -0.6884315013885498
84.79885651241187 -1.2038241624832153 0.3965127170085907 -1.1056082248687744 -0.11164937168359756 0.6327043771743774 0.22726604342460632 -0.7318263649940491
89.49879313515169 -1.277213454246521 0.578550398349762 -1.3936290740966797 -0.05971132591366768 0.4613903760910034 0.21326641738414764 -0.8591110706329346
98.36534023904382 -1.046296238899231 -0.7732793092727661 0.8940825462341309 -0.03999093174934387 0.8411476016044617 0.3440971374511719 -0.41529381275177
101.16530248237817 -2.1660144329071045 -0.5845990777015686 0.8185587525367737 -0.01804695837199688 0.941577136516571 0.3029717803001404 -0.145994171500206
105.46524449892735 -1.7926627397537231 -0.7372963428497314 0.7268695831298828 0.0009168906253762543 0.9405136108398438 0.3389415144920349 -0.02349354512989521
